                4262          2015-10-19           29128.089              99.723                   2
                2981          2008-02-24           61127.317              36.380                   1
                2941          2007-10-14           11988.452              20.520                   1
                1410          2000-08-11           55813.341              90.056                   2
                2824          2006-12-12           46017.122              32.716                   2
                4107          2014-12-15           48373.645              13.722                   1
                2123          2003-09-22           66648.559             140.020                   1
                 177          1995-11-02           21209.015              46.204                   2
                2114          2003-08-27           58120.902               9.379                   2
                3283          2010-03-20           46684.320              52.109                   2
                3562          2011-12-15           73682.720              67.414                   2
                1387          2000-07-18           74836.193              38.450                   1
                 125          1995-07-01           23737.604              11.540                   2
                1616          2001-08-01           66629.781              44.846                   2
                 419          1996-11-30           18831.469              46.542                   2
                2001          2003-03-07           52319.628               7.032                   1
                3895          2013-11-08           74512.947              19.994                   2
                1727          2001-12-21            4859.703              72.042                   2
                1467          2000-11-20           49531.180              42.366                   2
                4468          2017-03-20           13359.957              30.430                   2
                3544          2011-10-21            3224.194               5.712                   2
                4222          2015-07-25           31454.410              60.910                   2
                1537          2001-03-26           11700.544              24.504                   1
                4675          2018-07-20           18357.610              10.436                   1
                1008          1999-07-05           57686.864              66.514                   1
                2094          2003-07-21           85272.202              43.270                   1
                3097          2008-12-24           76676.561              30.996                   2
                2627          2005-10-12           43209.052               3.012                   1
                1438          2000-09-25           73856.351              30.664                   2
                3619          2012-05-22           11467.377              13.292                   1
                2224          2004-02-07           79916.319              28.094                   1
                2708          2006-04-01           20416.445               8.672                   2
                4496          2017-05-22           56735.921               7.390                   2
                3276          2010-02-13           45881.599              22.228                   2
                 440          1997-01-11           35039.658              93.368                   2
                1674          2001-10-08           71752.994              16.968                   2
                3234          2009-10-10            9788.232               6.442                   2
                3432          2011-04-02             781.989              43.761                   2
                4600          2018-01-12           59351.736             235.347                   2
                4510          2017-06-26           34640.048              12.776                   2
                 170          1995-10-16            2484.285              10.820                   1
                1238          2000-02-26           46266.520             126.972                   1
                1517          2001-02-14           49978.851              38.184                   2
                 939          1999-03-12           69909.518               9.946                   1
                3717          2012-11-22           76497.048             204.002                   2
                3606          2012-03-28           23186.465             125.444                   2
                1458          2000-11-05           59128.251              73.678                   2
                3564          2011-12-20           42023.951              65.645                   1
                 240          1996-03-22           19642.728              55.571                   1
                2024          2003-04-21            2190.531             168.688                   1
                2756          2006-07-31           39377.987              21.144                   2
                 477          1997-04-04           63010.698              10.886                   1
                2562          2005-05-30           17082.171               6.624                   2
                 772          1998-08-22            7818.780              43.930                   1
                3943          2014-02-06           23769.061             162.752                   2
                2267          2004-05-02           23818.935              32.883                   1
                2262          2004-04-25            6766.019              21.234                   1
                4129          2015-02-10           80787.209              27.712                   1
                2348          2004-08-10           51343.177             125.660                   1
                 342          1996-08-05           78957.888              31.852                   2
                3036          2008-07-09           65755.686              80.446                   1
                3439          2011-04-23           32815.503              15.844                   1
                2263          2004-04-25           59012.531             136.166                   1
                3230          2009-09-29           16387.790               4.816                   1
                4203          2015-06-08           76786.047             103.058                   2
                3749          2013-02-28           18357.903              18.838                   1
                3087          2008-11-26           77649.857              57.022                   2
                 590          1997-11-01           23484.526               7.652                   2
                2630          2005-10-22           47305.298             193.180                   2
                3752          2013-03-05           41953.135             220.276                   2
                 224          1996-01-24            3388.008              16.567                   2
                3219          2009-08-31           27393.820              42.672                   2
                3013          2008-05-13           18849.927              81.710                   2
                4423          2016-12-03           67266.318              10.709                   1
                3907          2013-11-27           51139.678              24.352                   2
                1777          2002-04-02            5571.925              16.340                   2
                  52          1995-02-08            7824.432              59.596                   2
                1403          2000-08-01           17774.528              29.748                   1
                2017          2003-04-06           81727.542              82.866                   1
                4548          2017-09-04           35162.280              81.789                   1
                 449          1997-02-02           25841.799              50.831                   1
                 493          1997-06-01           69570.567              49.058                   2
                4289          2015-12-31           38267.351              90.944                   1
                3559          2011-12-05           47450.301              70.684                   1
                1350          2000-06-15           59552.818              20.510                   1
                 480          1997-04-11           35565.166             141.044                   2
                3921          2013-12-29           23970.560              17.240                   1
                3040          2008-07-21           37510.927              28.232                   2
                3235          2009-08-29           58098.613              71.962                   1
                3251          2009-11-27           84349.449              10.060                   1
                 648          1998-03-06           63248.424              26.866                   1
                3285          2010-03-24           14852.507              16.752                   1
                2672          2006-01-23           18327.768              99.787                   2
                3441          2011-04-28           33509.450               6.356                   2
                2563          2005-05-31           16045.505              57.034                   1
                4286          2015-12-27           18827.479              48.394                   2
                2699          2006-03-17           40655.996               2.720                   2
                4696          2018-08-09           73730.033             232.469                   2
                2149          2003-10-24           33855.458             196.062                   2
                 332          1996-07-11           63757.543              24.056                   1
                4438          2017-01-15           64155.241              62.194                   1
                4648          2018-05-26           39816.006              83.350                   1
                4169          2015-04-03           78852.693             100.791                   1
                3041          2008-07-23           48143.773              90.976                   1
                3565          2011-12-21           63812.353              27.228                   1
                 741          1998-07-21           23791.488              33.847                   1
                4621          2018-03-05           33967.647              21.948                   2
                 757          1998-08-03           48987.096              25.562                   2
                4703          2018-08-28           68250.016              13.159                   2
                2535          2005-04-04           62865.358              20.182                   2
                3142          2009-03-01           24949.694              46.126                   2
                1525          2001-03-06           81344.646              21.672                   2
                4454          2017-02-10           10092.180             104.707                   1
                3204          2009-07-19            5489.199              13.140                   1
                4633          2018-04-09           29904.770              17.215                   2
                 554          1997-09-23           41961.412              28.264                   1
                 595          1997-11-10           68141.281             282.141                   2
                 536          1997-08-16            8265.017               9.536                   2
                1383          2000-07-13           66423.994             373.552                   1
                3521          2011-09-21           78769.788              23.542                   1
                2235          2004-03-16           65771.353              22.188                   1
                2883          2007-05-08           15502.779              32.247                   1
                2842          2007-01-25           26450.853             203.492                   2
                1729          2001-12-24           82385.416              46.333                   2
                2364          2004-08-23           11923.957             197.544                   1
                2538          2005-04-11           25860.299               5.324                   1
                3172          2009-04-28           34266.727               6.610                   2
                4243          2015-09-06           31340.560               3.010                   1
                4119          2015-01-18           35302.394              62.076                   1
                  70          1995-03-25           25841.574             134.530                   2
                3372          2010-11-23           82338.387             159.201                   1
                3193          2009-06-26           16330.962              60.888                   1
                1080          1999-09-15           83721.958              96.570                   2
                3429          2011-03-28            5914.599              48.969                   2
                4598          2018-01-03            4122.424             240.255                   1
                 769          1998-08-21           62164.354              33.284                   1
                 357          1996-09-02           58097.128               2.426                   1
                 986          1999-05-18           62464.106             211.494                   1
                4397          2016-09-11           50875.776             132.681                   2
                4190          2015-05-10           11988.505              61.832                   1
                3442          2011-05-03           63341.862              11.914                   2
                4057          2014-09-28           37793.602              68.521                   1
                3924          2014-01-02           76656.245               6.500                   2
                2594          2005-08-08           39729.596              21.977                   2
                2000          2003-03-06           13078.979              44.651                   2
                 629          1998-02-02           35706.894              16.138                   1
                3002          2008-04-11           76532.496              58.618                   1
                3922          2013-12-31           17132.361              49.739                   1
                 457          1997-02-23           30386.591              24.601                   2
                3793          2013-05-04           84544.491             113.949                   1
                3609          2012-04-26            7755.610               3.396                   1
                  44          1995-01-14           47434.865               9.756                   1
                3074          2008-10-09           12055.928               6.766                   2
                2786          2006-09-25           72868.088              20.390                   2
                 369          1996-09-21           54231.399              40.356                   1
                4745          2019-01-17           52611.684              36.255                   1
                4513          2017-07-02           85299.948              12.374                   2
                3498          2011-08-15           34855.971              16.568                   2
                2523          2005-02-28           49573.840              55.164                   2
                2816          2006-11-22           28608.132               8.540                   2
                1122          1999-10-26           46985.155             181.100                   2
                 913          1999-01-28           37252.651               9.916                   1
                1611          2001-07-21           14211.432               6.316                   1
                  78          1995-04-03           47985.179              21.332                   1
                 977          1999-05-06           41010.813             162.948                   1
                3801          2013-05-18           50097.501              46.149                   2
                2949          2007-11-08           78032.650              74.529                   1
                4449          2017-02-07           78301.730              41.670                   2
                 124          1995-07-01           12762.114              37.588                   1
                3992          2014-05-23           11157.811              21.950                   2
                2703          2006-03-25           43326.674              24.428                   2
                4581          2017-11-19           85705.835              33.162                   1
                 472          1997-03-25           63382.800              69.012                   2
                2298          2004-06-12           78224.318              23.608                   2
                 344          1996-08-07           71369.324              22.925                   2
                2388          2004-09-26           14597.402              26.498                   1
                2483          2004-12-26           62546.361              38.142                   2
                2919          2007-08-21           46164.332             201.446                   1
                3018          2003-04-28           81078.883              64.114                   1
                3015          2008-05-14           35758.672               8.362                   2
                  87          1995-04-16           13306.766               6.342                   1
                3664          2012-07-11            9955.810             211.929                   1
                 560          1997-09-30              61.981              41.345                   1
                3423          2011-03-18           45842.820              44.298                   2
                1200          2000-01-10           16726.083               6.894                   2
                  20          1994-12-10           11452.523              30.339                   2
                2795          2006-10-07           36489.344              93.331                   1
                1263          2000-03-15           83972.528             175.448                   2
                4738          2019-01-03           60113.215              32.844                   2
                1460          2000-11-06           54915.504               7.320                   1
                1764          2002-03-03           82040.223               5.446                   2
                2259          2004-04-21            9017.953              14.616                   1
                4020          2014-06-19           81966.864             149.157                   1
                1031          1999-08-03           23377.368              49.736                   2
                 907          1999-01-23           35234.151             114.398                   2
                2702          2006-03-23           25464.079              57.779                   2
                4214          2015-06-27           15806.292             146.529                   1
                4348          2016-05-21           33237.337               6.468                   2
                4583          2017-11-20           48000.683              46.458                   2
                2231          2004-02-28             524.351             265.861                   1
                3029          2008-06-05           85682.336              20.492                   2
                3069          2008-09-18           35078.358              10.078                   2
                 490          1997-05-17           32680.995               4.440                   1
                3440          2011-04-22           56502.948              37.312                   2
                1519          2001-02-22           26591.652             172.642                   2
                4043          2014-08-25           24925.660              14.080                   1
                 696          1998-06-05           51131.976               0.156                   2
                3757          2013-03-20           25724.822              21.448                   1
                3480          2011-07-15           47635.304               5.074                   1
                1710          2001-11-21           67633.457             142.578                   1
                3857          2013-09-07           77955.997             210.990                   2
                4497          2017-05-22           84124.494              87.130                   1
                2668          2006-01-17           24597.852              18.262                   1
                4377          2016-07-20           66314.254             150.037                   2
                3190          2009-06-18           30504.974             139.002                   2
                  71          1995-03-25           63392.815              52.842                   1
                1588          2001-06-13           48188.355               3.964                   2
                1433          2000-09-18           37355.019              77.383                   2
                1417          2000-08-20           31075.424             213.279                   1
                4603          2018-01-13           36129.524              79.573                   1
                2815          2006-11-21           55412.445              44.112                   1
                4734          2018-12-27           22619.317              16.950                   1
                2667          2006-01-15           14584.694              21.074                   1
                4682          2018-07-28           62954.093              16.482                   1
                1010          1999-07-12           27915.510               0.704                   1
                1420          2000-08-23           49278.305              23.704                   2
                4601          2018-01-13             958.621              19.099                   2
                2168          2003-11-11           60315.432               5.818                   1
                3322          2010-07-07            2798.855              59.614                   1
                3805          2013-05-27           51688.300              42.220                   2
                 522          1997-07-15           51674.349              50.965                   2
                3202          2009-07-20           61379.486              16.398                   1
                 509          1997-06-25           43993.735             150.633                   2
                1743          2002-01-27           25633.958             179.610                   1
                2742          2006-06-24           49615.385              19.518                   2
                  94          1995-04-25             923.718             234.197                   1
                3359          2010-10-14           15115.250             228.256                   1
                3810          2013-06-06           42940.544             112.854                   1
                3030          2008-06-07           22043.336              44.276                   2
                3690          2012-09-11           23172.213              70.040                   1
                 391          1996-10-29           24354.087             235.058                   1
                 312          1996-05-31           73498.259              52.812                   2
                2451          2004-12-02            9054.774              20.442                   1
                3469          2011-06-25           76105.088              59.098                   2
                 950          1999-03-23           62977.122              57.656                   1
                4131          2015-02-13             110.148               6.328                   1
                 373          1996-10-01           75186.385              12.594                   2
                 145          1995-08-18            5065.640              94.705                   2
                 469          1997-03-15           79764.429             104.277                   1
                 632          1998-02-03           82030.784             201.540                   1
                3232          2009-10-03           16543.801              25.916                   2
                3321          2010-07-01           42319.075              30.090                   1
                 133          1995-07-15           75567.288              16.496                   2
                3493          2011-08-08           56695.237               8.368                   1
                3502          2011-08-20           77268.054             190.170                   1
                2449          2004-11-25           58027.399              67.706                   2
                2560          2005-05-25             176.704              10.154                   2
                 966          1999-04-19           46510.342             178.059                   2
                2990          2008-03-19           22370.339             150.510                   2
                 239          1996-03-21           76321.803              45.926                   2
                2452          2004-12-06           23066.948              10.688                   2
                3326          2010-07-19           85441.238              27.666                   1
                4754          2019-02-04           20755.832              20.509                   2
                2783          2006-09-20           55958.093              25.460                   1
                4315          2016-03-10           59210.467              91.391                   2
                3345          2010-08-29           75727.937               8.628                   2
                 172          1995-10-19           11712.625             242.216                   1
                3413          2011-03-01           18525.763               9.046                   2
                4465          2017-03-11           49504.661              29.316                   2
                4125          2015-02-01           49611.653              18.042                   1
                2899          2007-06-26           14850.883             323.087                   1
                2823          2006-12-12           19882.180              38.156                   1
                4334          2016-04-24           60076.801              68.352                   2
                3215          2009-08-20            2323.533              63.619                   2
                3976          2014-04-16            5196.209              48.017                   2
                4167          2015-03-30           71538.572             186.614                   2
                1078          1999-09-13           24717.970              44.796                   2
                4568          2017-10-10           68460.142             273.452                   1
                4242          2015-09-02           63340.850             111.254                   1
                 317          1996-06-12           71198.677              55.680                   1
                 992          1999-05-31           57381.211              33.006                   2
                4728          2018-12-01            9592.355             155.630                   2
                4732          2018-12-22           24090.989             170.481                   1
                1754          2002-02-18           71352.446              48.900                   1
                1401          2000-07-30           50427.134              40.811                   2
                1019          1999-07-24           77358.900              30.508                   2
                2679          2006-02-13           47469.517              58.206                   1
                1531          2001-03-17           23290.996               2.108                   1
                2896          2007-06-22            8711.540              15.996                   2
                 171          1995-10-18           19832.069              32.430                   2
                2095          2003-07-22           48700.685              30.576                   1
                4353          2016-05-30           57673.148              17.439                   2
                1333          2000-06-04            2144.306              20.478                   2
                3790          2013-05-02           28272.763             119.190                   2
                2955          2007-11-25           50197.159              55.644                   2
                3159          2009-04-06           62531.417              12.464                   1
                1452          2000-10-25           11404.620               4.804                   1
                4428          2016-12-18           30761.134              29.798                   1
                2758          2006-08-05           52035.660               9.230                   2
                3228          2009-09-26           15628.683              47.738                   1
                4387          2016-08-16           63061.653              13.476                   2
                 455          1997-02-18           50996.145              22.373                   2
                1838          2002-07-15           69663.042              31.756                   2
                4153          2015-03-14           17691.727              14.200                   2
                2023          2003-04-19            4327.380              48.240                   1
                1284          2000-04-08            9347.930               7.572                   2
                4352          2016-05-30           25426.549              37.366                   1
                2233          2004-03-02           44640.988              17.474                   1
                4615          2018-02-18           54845.382              17.090                   2
                4480          2017-04-09            9741.024             113.877                   1
                3794          2013-05-05           30147.038              78.844                   1
                3157          2009-04-01           30922.964              15.240                   1
                4393          2016-08-29           51520.405              23.002                   2
                4341          2016-05-09           32326.696              89.125                   2
                2457          2004-12-11           86263.231              44.178                   2
                 954          1999-04-01           62168.958             198.970                   1
                1549          2001-04-08           24322.827               6.142                   1
                  81          1995-04-07           54922.052              85.480                   1
                 511          1997-06-27           79608.806              28.138                   2
                4332          2016-04-22           43139.194              14.680                   1
                 308          1996-05-29           43663.061              17.304                   2
                 420          1996-12-02           66661.097              10.976                   2
                2012          2003-03-29           41849.254              69.730                   2
                3969          2014-03-20           73298.804              45.252                   2
                1448          2000-10-18           61114.680             111.900                   2
                3987          2014-05-08           11038.423             232.627                   2
                2566          2005-06-03           23340.767              24.050                   1
                3873          2013-10-28            6546.966              38.323                   2
                  96          1995-05-03           66971.838             117.964                   1
                 128          1995-07-04           11431.823               8.670                   1
                 625          1998-01-25           74413.986             272.950                   2
                3168          2009-04-24           51131.725              11.650                   2
                 468          1997-03-15           56452.260              26.382                   2
                4113          2014-12-22           25735.342               3.320                   1
                4396          2016-09-10           62379.089             128.659                   2
                1442          2000-10-04           53490.890              31.878                   1
                4385          2016-08-02           22409.945              19.962                   2
                1159          1999-12-08           16613.263              76.498                   2
                 139          1995-08-04            7135.704              15.170                   2
                 458          1997-02-26           31585.868              54.334                   2
                  99          1995-05-12            1003.891              56.050                   1
                 331          1996-07-10             662.014              60.478                   2
                2242          2004-03-29           40250.060               2.500                   1
                2789          2006-09-28            4622.782             232.295                   1
                3623          2012-06-02           18000.228              92.400                   1
                 218          1996-01-14           44104.737              71.666                   1
                1227          2000-02-10           31445.712              16.172                   1
                3448          2011-05-18           74290.767              32.454                   1
                4569          2017-10-11            3931.430              15.910                   1
                3972          2014-03-29           25481.877              29.284                   1
                1231          2000-02-18           58744.596              48.524                   1
                1500          2001-01-09            9485.445               7.414                   1
                4178          2015-04-27           68818.721             119.824                   2
                1205          2000-01-15           53372.210             159.192                   1
                2044          2003-05-09           21020.727              10.222                   1
                 951          1999-03-27           22911.102               0.160                   1
                1123          1999-11-01           82817.527             134.199                   2
                4707          2018-09-14           66182.692             259.326                   2
                4676          2018-07-20           51705.261             125.476                   2
                3475          2011-07-08           50386.394              56.351                   1
                4678          2008-06-09           82180.237              45.338                   1
                1118          1999-10-24           27140.764               5.964                   1
                 234          1996-02-28           85760.241               3.462                   1
                4390          2016-08-21           74179.687             274.047                   2
                4444          2017-01-27            5744.660              89.226                   1
                 808          1998-09-23           72647.721             188.914                   1
                 778          1998-08-27           72641.214              89.699                   2
                2660          2005-12-20           47056.492              65.851                   2
                1399          2000-07-27           70955.931               8.802                   2
                4750          2019-01-29           44134.335             178.914                   1
                1491          2000-12-25           25760.336              87.820                   1
                 897          1999-01-04           57753.685             229.752                   1
                3580          2012-01-29           50148.403               3.164                   2
                 983          1999-05-16           86065.136               0.852                   2
                3171          2009-04-27           84392.051              19.376                   2
                3093          2008-12-15           67721.281              12.762                   2
                  79          1995-04-03           84828.194              59.132                   2
                4364          2016-06-25           81619.875             227.616                   2
                 448          1997-02-01           57250.866              31.166                   1
                 148          1995-08-22           13750.530              89.790                   1
                1163          1999-12-16           58038.085              44.643                   1
                1450          2000-10-20           72065.668             155.950                   1
                2846          2007-02-07           75644.016              65.112                   1
                4288          2015-12-29           77056.981              61.186                   1
                 345          1996-08-09           52229.443              45.612                   2
                3545          2011-10-22           76790.121              85.231                   2
                4460          2017-03-04           20449.144              58.578                   1
                 681          1998-05-16           41037.217             143.161                   1
                1749          2002-02-14           67773.429              71.888                   2
                2698          2006-03-15           29300.048               8.840                   2
                4361          2016-06-23           17977.594             208.918                   2
                4743          2019-01-14           75422.341             226.452                   1
                1913          2002-10-08           25250.599              45.666                   2
                3863          2013-10-14           18541.405              45.412                   1
                3956          2014-02-19           71162.611              41.252                   1
                 371          1996-09-24           42119.310             146.725                   1
                1968          2002-12-06           82151.427             229.046                   2
                3160          2009-04-08           71198.539             163.118                   2
                3785          2013-04-27           28029.501             169.526                   2
                3514          2011-09-18           77222.856              95.154                   1
