  ID       Data     Time        S_G2       S_G3       S_G4       S_G5       S_G6       S_G7       B_G2    P-value_G2    B_G3   P-value_G3     B_G4    P-value_G4    B_G5   P-value_G5     B_G6    P-value_G6    B_G7   P-value_G7 f         
4262 2015-10-19  29128.089     33.918     30.689     23.338      5.937      1.891      2.313    535.541    1.00000    136.812    1.00000     86.322    1.00000     75.047    1.00000     42.252    1.00000     31.845    1.00000           
2981 2008-02-24  61127.317     40.203     23.466     13.151      2.934      1.056      1.614    519.149    1.00000    207.931    1.00000    120.845    1.00000    112.610    1.00000     65.726    1.00000     53.670    1.00000           
2941 2007-10-14  11988.452     49.932     28.358     17.642      4.920      1.329      1.466    510.369    1.00000    198.178    1.00000    109.903    1.00000    116.983    1.00000     70.337    1.00000     48.764    1.00000           
1410 2000-08-11  55813.341     45.737     15.760     12.372      3.276      2.137      2.306    582.995    1.00000    176.183    1.00000    127.683    1.00000     77.827    1.00000     31.924    1.00000     26.708    1.00000           
2824 2006-12-12  46017.122     18.055     13.596      9.672      2.103      1.204      1.321   1233.984    1.00000    610.035    1.00000    390.666    1.00000    305.313    1.00000    164.931    1.00000    198.056    1.00000  f_BG     
4107 2014-12-15  48373.645     44.919     26.683     13.262      2.398      0.369      1.092    526.235    1.00000    187.439    1.00000    101.525    1.00000    100.954    1.00000     57.632    1.00000     39.974    1.00000           
2123 2003-09-22  66648.559     46.972     29.836     20.055      6.633      3.165      2.377    471.418    1.00000    152.425    1.00000     92.994    1.00000     82.752    1.00000     45.617    1.00000     32.392    1.00000           
177  1995-11-02  21209.015     24.054     11.284      8.554      1.830      1.483      1.564    542.966    1.00000    159.110    1.00000    124.159    1.00000     85.476    1.00000     51.444    1.00000     44.718    1.00000           
2114 2003-08-27  58120.902     26.328     16.689     12.663      4.290      1.559      1.677    488.955    1.00000    123.135    1.00000     86.276    1.00000     73.726    1.00000     40.100    1.00000     29.556    1.00000           
3283 2010-03-20  46684.320     44.336     33.868     23.497      8.240      2.362      2.056    524.421    1.00000    172.780    1.00000    111.036    1.00000     94.243    1.00000     58.255    1.00000     46.447    1.00000           
3562 2011-12-15  73682.720     37.796     23.780     15.936      4.436      2.316      1.313    504.445    1.00000    155.585    1.00000     99.394    1.00000     84.226    1.00000     51.013    1.00000     39.374    1.00000           
1387 2000-07-18  74836.193     16.146      8.938      6.348      3.794      2.002      1.717   1457.447    0.99997   1242.016    0.99829    743.657    0.99966    681.011    0.99980    344.096    0.99353    355.714    0.99952           
125  1995-07-01  23737.604     35.521     17.411     13.847      2.638      1.504      1.149    533.340    1.00000    144.698    1.00000    117.290    1.00000     86.319    1.00000     50.565    1.00000     37.981    1.00000  f_BG     
1616 2001-08-01  66629.781     41.826     26.105     20.913      8.183      1.405      2.781    508.404    1.00000    127.056    1.00000     89.226    1.00000     78.040    1.00000     40.309    1.00000     28.226    1.00000           
419  1996-11-30  18831.469     23.632     24.225     21.213      7.673      1.445      1.359    537.543    1.00000    160.999    1.00000    126.526    1.00000     88.851    1.00000     54.525    1.00000     48.460    1.00000           
2001 2003-03-07  52319.628     24.277     15.826     10.141      2.863      1.877      1.669    467.757    1.00000    149.323    1.00000     91.671    1.00000     81.177    1.00000     42.029    1.00000     29.866    1.00000           
3895 2013-11-08  74512.947     36.308     28.935     20.317      3.919      1.838      1.288    590.535    1.00000    183.795    1.00000    120.920    1.00000     99.110    1.00000     54.471    1.00000     44.894    1.00000           
1727 2001-12-21   4859.703     37.128     41.832     32.424     11.945      1.822      2.601    586.804    1.00000    160.454    1.00000    103.647    1.00000     75.862    1.00000     34.954    1.00000     25.049    1.00000           
1467 2000-11-20  49531.180     30.096     27.104     21.804      6.397      1.868      1.801    789.625    1.00000    357.455    1.00000    273.155    1.00000    156.982    1.00000     52.495    1.00000     39.739    1.00000           
4468 2017-03-20  13359.957     36.724     19.181     13.669      3.321      1.999      1.119    514.620    1.00000    172.847    1.00000    108.234    1.00000     93.808    1.00000     58.150    1.00000     50.919    1.00000           
3544 2011-10-21   3224.194     36.604     27.061     20.732      9.233      1.856      2.198    484.567    1.00000    146.876    1.00000     94.095    1.00000     81.448    1.00000     48.489    1.00000     37.600    1.00000           
4222 2015-07-25  31454.410     46.114     36.522     25.507     10.203      3.281      3.131    489.344    1.00000    137.963    1.00000     83.951    1.00000     73.161    1.00000     40.831    1.00000     33.454    1.00000           
1537 2001-03-26  11700.544     44.333     29.246     21.044      4.250      2.210      0.807    498.805    1.00000    154.796    1.00000    102.121    1.00000     80.508    1.00000     41.589    1.00000     27.771    1.00000           
4675 2018-07-20  18357.610     40.292     26.428     14.200      6.599      1.760      1.496    496.252    1.00000    219.354    1.00000    102.595    1.00000    120.912    1.00000     68.574    1.00000     58.881    1.00000           
1008 1999-07-05  57686.864     46.251     31.643     24.206      6.664      2.466      1.874    502.902    1.00000    179.017    1.00000    131.627    1.00000     98.882    1.00000     58.457    1.00000     43.440    1.00000           
2094 2003-07-21  85272.202     31.990     40.111     31.342     18.643      5.172      0.731    468.976    1.00000    144.764    1.00000     87.708    1.00000     76.034    1.00000     37.589    1.00000     27.091    1.00000           
3097 2008-12-24  76676.561     42.582     32.936     25.087      8.499      1.507      0.810    521.509    1.00000    177.492    1.00000    110.975    1.00000     94.152    1.00000     58.408    1.00000     49.834    1.00000           
2627 2005-10-12  43209.052     40.168     20.988     11.739      3.761      0.351      0.972    491.623    1.00000    172.719    1.00000     99.548    1.00000     88.309    1.00000     51.533    1.00000     34.447    1.00000  f_BG     
1438 2000-09-25  73856.351     43.145     26.515     18.915      5.190      1.013      1.070    554.224    1.00000    131.981    1.00000     90.027    1.00000     71.450    1.00000     30.848    1.00000     22.868    1.00000           
3619 2012-05-22  11467.377     44.972     30.261     14.403      2.472      0.559      0.889    500.341    1.00000    194.757    1.00000     90.031    1.00000    106.595    1.00000     54.970    1.00000     45.265    1.00000           
2224 2004-02-07  79916.319     37.601     31.130     18.723      4.631      1.436      1.506    507.616    1.00000    153.362    1.00000     85.931    1.00000     80.209    1.00000     38.773    1.00000     29.356    1.00000           
2708 2006-04-01  20416.445     36.834     25.687     19.011      3.675      0.416      1.710    526.046    1.00000    150.532    1.00000    104.693    1.00000     85.094    1.00000     49.501    1.00000     38.683    1.00000           
4496 2017-05-22  56735.921     43.363     32.229     22.386      6.129      0.959      0.506    550.009    1.00000    163.783    1.00000    106.292    1.00000     91.799    1.00000     57.051    1.00000     46.698    1.00000           
3276 2010-02-13  45881.599     44.431     12.890      6.357      2.499      0.884      0.861    529.361    1.00000    176.359    1.00000    113.474    1.00000     96.947    1.00000     59.922    1.00000     48.049    1.00000           
440  1997-01-11  35039.658     42.484     16.045     10.752      1.464      1.571      1.529    535.310    1.00000    155.807    1.00000    116.407    1.00000     96.030    1.00000     52.391    1.00000     46.858    1.00000           
1674 2001-10-08  71752.994     32.426     10.781      5.936      1.728      1.459      1.943    729.192    1.00000    333.577    1.00000    203.997    1.00000    168.817    1.00000     62.303    1.00000     71.822    1.00000           
3234 2009-10-10   9788.232     25.228      5.873      3.345      1.532      0.006      0.892    562.183    1.00000    177.734    1.00000    115.522    1.00000     99.854    1.00000     62.326    1.00000     51.307    1.00000           
3432 2011-04-02    781.989      8.885      8.045      6.159      3.364      1.372      0.949    503.370    1.00000    162.516    1.00000    100.755    1.00000     87.273    1.00000     52.669    1.00000     44.958    1.00000           
4600 2018-01-12  59351.736     44.650     34.706     25.436     11.835      3.543      1.588    567.778    0.00250    172.054    0.88090    104.765    0.99756    102.291    1.00000     60.278    1.00000     50.468    1.00000           
4510 2017-06-26  34640.048     45.341     11.059      4.769      1.054      1.277      1.432    552.139    1.00000    164.117    1.00000    106.582    1.00000     91.224    1.00000     56.594    1.00000     46.345    1.00000           
170  1995-10-16   2484.285     32.420     11.974     10.428      4.693      1.828      0.787    520.808    1.00000    200.499    1.00000    167.412    1.00000    117.230    1.00000     65.948    1.00000     50.629    1.00000           
1238 2000-02-26  46266.520     38.245     29.962     23.916      5.229      2.039      1.782    484.841    1.00000    151.498    1.00000    111.012    1.00000     82.198    1.00000     44.081    1.00000     32.043    1.00000           
1517 2001-02-14  49978.851     45.185     44.166     36.067     13.990      4.546      1.009    545.907    1.00000    128.287    1.00000     89.760    1.00000     65.568    1.00000     28.302    1.00000     22.187    1.00000           
939  1999-03-12  69909.518     35.651     22.159     18.521      4.462      0.958      0.997    515.718    1.00000    186.351    1.00000    139.179    1.00000     99.664    1.00000     57.085    1.00000     43.289    1.00000           
3717 2012-11-22  76497.048     48.236     29.050     18.242      3.250      1.409      2.318    522.244    1.00000    133.285    1.00000     80.346    1.00000     79.673    1.00000     39.838    1.00000     31.266    1.00000           
3606 2012-03-28  23186.465     47.010     34.133     22.573     11.395      3.673      0.623    551.386    1.00000    195.077    1.00000    120.983    1.00000    101.420    1.00000     49.305    1.00000     38.301    1.00000           
1458 2000-11-05  59128.251     31.987     36.223     32.628     21.539     13.592      5.363    535.530    1.00000    116.914    1.00000     86.804    1.00000     64.375    1.00000     29.597    1.00000     21.545    1.00000           
3564 2011-12-20  42023.951     53.195     29.183     16.426      6.438      1.757      1.713    518.741    1.00000    190.190    1.00000     98.666    1.00000    103.923    1.00000     58.249    1.00000     47.280    1.00000           
240  1996-03-22  19642.728     43.189     33.841     28.775      7.053      2.178      1.114    543.493    1.00000    196.340    1.00000    163.976    1.00000    113.047    1.00000     66.521    1.00000     43.803    1.00000  f_BG     
2024 2003-04-21   2190.531     38.887     30.035     20.237      6.223      1.710      1.769    475.602    1.00000    146.587    1.00000     89.166    1.00000     78.427    1.00000     38.982    1.00000     27.450    1.00000           
2756 2006-07-31  39377.987     52.993     30.401     21.605      6.622      1.403      1.606    527.686    1.00000    151.701    1.00000     99.871    1.00000     91.080    1.00000     45.765    1.00000     41.864    1.00000           
477  1997-04-04  63010.698     39.460     24.690     22.478      3.198      2.076      1.672    528.655    1.00000    203.382    1.00000    169.537    1.00000    120.723    1.00000     66.707    1.00000     51.126    1.00000           
2562 2005-05-30  17082.171     27.272     12.845      8.513      1.831      0.372      0.689    525.765    1.00000    133.415    1.00000     86.465    1.00000     77.002    1.00000     36.797    1.00000     28.240    1.00000           
772  1998-08-22   7818.780     32.529     17.777     14.567      2.129      1.337      1.616    541.967    1.00000    215.901    1.00000    161.418    1.00000    116.121    1.00000     65.932    1.00000     50.159    1.00000           
3943 2014-02-06  23769.061     48.267     37.747     27.809     12.021      5.889      4.753    521.630    1.00000    127.623    1.00000     76.235    1.00000     75.199    1.00000     37.307    1.00000     27.812    1.00000           
2267 2004-05-02  23818.935     59.540     17.978      9.148      3.061      1.141      1.301    503.036    1.00000    162.069    1.00000     90.875    1.00000     86.123    1.00000     43.789    1.00000     32.681    1.00000           
2262 2004-04-25   6766.019     42.962     22.090     12.547      2.784      0.990      0.917    508.565    1.00000    163.868    1.00000     91.653    1.00000     87.119    1.00000     45.458    1.00000     33.846    1.00000           
4129 2015-02-10  80787.209     27.357     33.526     23.857     19.059      7.429      1.103    501.349    1.00000    164.023    1.00000     84.673    1.00000     90.517    1.00000     48.444    1.00000     40.562    1.00000           
2348 2004-08-10  51343.177     50.436     28.770     18.541      4.468      1.633      1.454    506.646    1.00000    166.975    1.00000     93.577    1.00000     89.330    1.00000     45.779    1.00000     35.068    1.00000           
342  1996-08-05  78957.888     34.601     13.185     10.448      2.484      1.413      1.239    527.334    1.00000    162.383    1.00000    130.642    1.00000     97.097    1.00000     56.243    1.00000     46.326    1.00000  f_BG     
3036 2008-07-09  65755.686     51.252     37.647     22.162      7.715      3.013      2.258    497.158    1.00000    216.067    1.00000    111.371    1.00000    117.461    1.00000     69.394    1.00000     50.054    1.00000           
3439 2011-04-23  32815.503     48.320     23.591     11.780      2.859      0.883      1.710    526.149    1.00000    197.981    1.00000    102.629    1.00000    108.362    1.00000     61.738    1.00000     49.408    1.00000           
2263 2004-04-25  59012.531     36.638     29.967     21.176     11.148      5.228      1.915    509.184    1.00000    163.255    1.00000     91.829    1.00000     87.208    1.00000     44.910    1.00000     33.726    1.00000           
3230 2009-09-29  16387.790     17.903     17.902     10.746      1.886      2.975      0.525    545.234    1.00000    226.161    1.00000    118.476    1.00000    125.099    1.00000     70.778    1.00000     59.788    1.00000  f_BG     
4203 2015-06-08  76786.047     50.364     33.098     21.629      5.016      2.258      1.354    498.334    1.00000    137.166    1.00000     84.066    1.00000     75.903    1.00000     36.420    1.00000     32.246    1.00000           
3749 2013-02-28  18357.903     34.006     15.839      9.163      1.298      1.285      1.362    507.279    1.00000    169.864    1.00000     91.407    1.00000     92.099    1.00000     56.244    1.00000     41.624    1.00000           
3087 2008-11-26  77649.857     15.253      9.535      6.502      1.899      0.919      1.789    525.858    1.00000    176.744    1.00000    110.048    1.00000     93.814    1.00000     57.451    1.00000     49.130    1.00000           
590  1997-11-01  23484.526     34.000     25.300     21.350      3.946      2.070      1.004    543.419    1.00000    162.263    1.00000    124.154    1.00000     95.924    1.00000     53.806    1.00000     46.646    1.00000           
2630 2005-10-22  47305.298     40.582     36.828     27.756     10.906      3.900      2.265    556.722    1.00000    144.934    1.00000     91.727    1.00000     78.303    1.00000     43.124    1.00000     32.852    1.00000           
3752 2013-03-05  41953.135     45.651     42.852     32.829     12.337      2.951      2.974    488.476    1.00000    144.032    1.00000     91.568    1.00000     79.018    1.00000     44.418    1.00000     33.577    1.00000           
224  1996-01-24   3388.008     36.909     22.655     19.299      5.380      1.559      1.390    534.171    1.00000    156.113    1.00000    117.105    1.00000     95.289    1.00000     53.292    1.00000     47.437    1.00000           
3219 2009-08-31  27393.820     11.517      6.024      3.798      1.154      1.630      0.390    519.242    1.00000    176.636    1.00000    113.514    1.00000     99.230    1.00000     61.413    1.00000     50.302    1.00000           
3013 2008-05-13  18849.927     34.389     18.156     12.054      2.773      1.252      2.116    532.379    1.00000    161.957    1.00000    106.283    1.00000     97.193    1.00000     50.624    1.00000     47.480    1.00000           
4423 2016-12-03  67266.318     47.836     24.268     12.631      2.413      1.598      1.038    512.603    1.00000    192.179    1.00000     96.217    1.00000    116.280    1.00000     65.718    1.00000     54.008    1.00000           
3907 2013-11-27  51139.678     50.873     28.182     18.627      3.980      2.628      1.086    524.196    1.00000    129.717    1.00000     82.892    1.00000     70.515    1.00000     37.493    1.00000     28.560    1.00000           
1777 2002-04-02   5571.925     48.380     41.764     29.553      5.624      1.523      0.810    518.075    1.00000    123.102    1.00000     79.858    1.00000     71.666    1.00000     29.625    1.00000     24.947    1.00000           
52   1995-02-08   7824.432     39.119     22.805     18.225      4.060      3.009      1.778    541.349    1.00000    146.716    1.00000    118.334    1.00000     89.190    1.00000     54.370    1.00000     39.294    1.00000  f_BG     
1403 2000-08-01  17774.528     46.874     28.610     18.861      5.553      1.601      1.803    595.324    1.00000    253.751    1.00000    169.127    1.00000    108.980    1.00000     41.770    1.00000     25.657    1.00000           
2017 2003-04-06  81727.542     43.621     38.352     28.668     16.519      4.998      2.188    478.501    1.00000    147.792    1.00000     89.971    1.00000     78.611    1.00000     39.456    1.00000     28.228    1.00000           
4548 2017-09-04  35162.280     49.803     42.408     24.062     13.600      3.654      2.514    508.808    1.00000    207.511    1.00000     96.007    1.00000    114.119    1.00000     63.108    1.00000     52.732    1.00000           
449  1997-02-02  25841.799     35.544     38.229     31.617     15.418      2.470      1.196    533.730    1.00000    207.700    1.00000    151.899    1.00000    111.541    1.00000     65.823    0.99973     54.382    0.27380  f_BG     
493  1997-06-01  69570.567     33.055     21.560     16.486      4.008      1.297      1.274    536.570    1.00000    162.155    1.00000    113.806    1.00000     97.963    1.00000     55.768    1.00000     47.964    1.00000           
4289 2015-12-31  38267.351     60.375     27.150     14.923      6.168      1.374      1.696    502.317    1.00000    175.540    1.00000     91.106    1.00000     97.698    1.00000     52.319    1.00000     44.924    1.00000           
3559 2011-12-05  47450.301     42.648     47.159     32.548     20.335      3.651      1.678    514.805    1.00000    187.116    1.00000     97.923    1.00000    102.621    1.00000     55.577    1.00000     46.135    1.00000  f_BG     
1350 2000-06-15  59552.818     30.306     18.781     14.071      3.652      1.392      1.421    512.370    1.00000    147.703    1.00000    101.093    1.00000     76.270    1.00000     40.251    1.00000     28.492    1.00000           
480  1997-04-11  35565.166     41.856     33.550     27.268     13.187      7.655      3.723    544.588    1.00000    161.472    1.00000    115.059    1.00000     89.004    1.00000     50.814    1.00000     46.152    1.00000           
3921 2013-12-29  23970.560     48.474     33.047     17.984      2.876      1.312      1.625    501.880    1.00000    197.668    1.00000    102.815    1.00000    120.441    1.00000    119.040    1.00000    227.479    1.00000           
3040 2008-07-21  37510.927     44.257     37.190     26.659      9.254      3.045      1.869    520.073    1.00000    172.567    1.00000    107.224    1.00000     98.207    1.00000     50.768    1.00000     48.209    1.00000           
3251 2009-11-27  84349.449     41.448      8.690      3.856      2.086      1.586      0.512    538.109    1.00000    225.449    1.00000    119.357    1.00000    125.713    1.00000     70.980    1.00000     60.250    1.00000           
648  1998-03-06  63248.424     36.746     27.538     21.293      1.670      0.598      1.331    537.933    1.00000    210.420    1.00000    153.356    1.00000    117.898    1.00000     72.596    1.00000     50.184    1.00000           
3285 2010-03-24  14852.507     39.664     31.543     18.889      5.512      1.271      1.267    500.411    1.00000    221.183    1.00000    114.615    1.00000    120.250    1.00000     69.735    1.00000     57.644    1.00000  f_BG     
2672 2006-01-23  18327.768     51.038     22.007     14.491      2.701      0.764      1.905    530.469    1.00000    145.022    1.00000     95.410    1.00000     86.586    1.00000     46.124    1.00000     35.365    1.00000           
3441 2011-04-28  33509.450     43.096     23.709     14.539      1.638      1.540      1.100    506.276    1.00000    160.488    1.00000     99.479    1.00000     86.979    1.00000     53.874    1.00000     43.847    1.00000           
2563 2005-05-31  16045.505     44.497     29.086     19.817      9.988      5.399      2.107    511.308    1.00000    168.103    1.00000     95.623    1.00000     88.663    1.00000     45.931    1.00000     35.152    1.00000           
4286 2015-12-27  18827.479     50.221     32.878     23.143      7.897      2.484      1.743    502.190    1.00000    150.665    1.00000     93.322    1.00000     81.373    1.00000     47.835    1.00000     39.664    1.00000           
2699 2006-03-17  40655.996     11.143     12.959     10.325      5.225      3.385      2.398    531.722    1.00000    150.235    1.00000     97.948    1.00000     90.506    1.00000     47.564    1.00000     37.769    1.00000           
4696 2018-08-09  73730.033     48.196     31.939     23.322     11.498      4.893      2.536    524.189    0.24536    176.974    0.99959    104.098    0.99998     97.346    1.00000     59.688    1.00000     49.523    1.00000           
2149 2003-10-24  33855.458     38.538     24.373     18.520      5.171      1.587      1.452    544.224    1.00000    145.557    1.00000    103.512    1.00000     79.506    1.00000     39.268    1.00000     30.863    1.00000           
332  1996-07-11  63757.543     38.350     17.549     14.924      3.037      1.106      1.057    530.509    1.00000    209.344    1.00000    172.201    1.00000    120.037    1.00000     68.466    1.00000     49.685    1.00000  f_BG     
4438 2017-01-15  64155.241     38.008     39.732     27.160     17.193      7.742      1.786    520.430    1.00000    195.418    1.00000    107.074    1.00000    108.377    1.00000     65.709    1.00000     54.300    1.00000           
4648 2018-05-26  39816.006     42.743     22.305      9.645      4.837      2.840      1.150    499.918    1.00000    215.290    1.00000    100.035    1.00000    118.652    1.00000     67.104    1.00000     57.074    1.00000           
4169 2015-04-03  78852.693     45.240     33.840     19.590     11.532      4.886      2.105    493.297    1.00000    156.407    1.00000     79.858    1.00000     80.957    1.00000     46.769    1.00000     32.171    1.00000           
3041 2008-07-23  48143.773     52.843     30.377     18.196      6.105      2.275      2.290    494.751    1.00000    212.387    1.00000    108.528    1.00000    115.315    1.00000     69.235    1.00000     48.600    1.00000           
3565 2011-12-21  63812.353      7.445      7.907      6.343      4.155      1.543      2.108    518.866    1.00000    189.015    1.00000     97.761    1.00000    103.505    1.00000     56.819    1.00000     46.923    1.00000           
741  1998-07-21  23791.488     46.211     31.934     27.579      7.856      1.625      2.235    535.764    1.00000    189.415    1.00000    148.853    1.00000    107.578    1.00000     62.959    1.00000     47.411    1.00000           
4621 2018-03-05  33967.647     44.727     42.087     29.744     12.706      1.791      1.626    549.012    1.00000    168.271    1.00000    103.072    1.00000    101.534    1.00000     59.655    1.00000     48.961    1.00000           
757  1998-08-03  48987.096     40.141     18.894     11.729      1.343      1.314      1.611    520.905    1.00000    157.832    1.00000    109.071    1.00000     88.179    1.00000     49.756    1.00000     42.760    1.00000           
4703 2018-08-28  68250.016     39.758     27.441     16.780      2.554      1.229      1.674    513.920    1.00000    172.193    1.00000    102.804    1.00000     97.004    1.00000     58.550    1.00000     49.457    1.00000           
2535 2005-04-04  62865.358     33.495     33.370     26.578     11.859      1.201      0.591    527.967    1.00000    138.582    1.00000     90.353    1.00000     81.644    1.00000     39.137    1.00000     30.880    1.00000           
3142 2009-03-01  24949.694     48.302     37.245     28.871     10.078      2.281      1.319    545.164    1.00000    172.302    1.00000    114.263    1.00000    104.032    1.00000     55.713    1.00000     51.990    1.00000           
1525 2001-03-06  81344.646     53.214     27.514     19.905      2.724      1.021      0.330    538.514    1.00000    128.789    1.00000     89.555    1.00000     67.971    1.00000     31.266    1.00000     23.952    1.00000           
4454 2017-02-10  10092.180     48.892     32.412     19.052      8.477      3.306      1.133    521.362    1.00000    201.896    1.00000    106.635    1.00000    107.191    1.00000     68.864    1.00000     50.382    1.00000           
3204 2009-07-19   5489.199     43.894     24.829     13.745      2.785      1.107      1.362    551.652    1.00000    228.893    1.00000    119.611    1.00000    127.064    1.00000     72.413    1.00000     60.827    1.00000           
4633 2018-04-09  29904.770     40.456     21.667     14.316      2.568      0.658      1.446    583.721    1.00000    170.200    1.00000    104.561    1.00000    102.021    1.00000     59.153    1.00000     49.597    1.00000           
554  1997-09-23  41961.412     17.710      5.882      5.431      1.015      0.680      1.938    527.843    1.00000    206.327    1.00000    162.064    1.00000    119.256    1.00000     67.727    1.00000     54.110    1.00000           
595  1997-11-10  68141.281     35.761     22.766     19.321      6.469      2.875      2.318    636.285    1.00000    286.047    1.00000    208.124    1.00000    170.886    0.99996     85.645    1.00000     70.618    1.00000           
536  1997-08-16   8265.017     40.639     33.404     29.876     12.176      2.462      1.120    526.944    1.00000    158.430    1.00000    130.577    1.00000     96.490    1.00000     53.633    1.00000     47.064    1.00000           
1383 2000-07-13  66423.994     47.769     36.656     30.519     15.001      8.042      3.005    612.625    0.98509    175.064    0.99924    120.605    0.99699     79.941    0.99479     43.335    0.99874     38.391    0.98443           
3521 2011-09-21  78769.788     49.834     34.941     19.953      9.412      2.363      1.605    513.665    1.00000    188.378    1.00000     97.434    1.00000     98.083    1.00000     61.739    1.00000     43.501    1.00000           
2235 2004-03-16  65771.353     45.842     47.263     30.836      6.571      2.665      0.504    510.576    1.00000    161.324    1.00000     90.543    1.00000     85.385    1.00000     44.336    1.00000     33.225    1.00000           
2883 2007-05-08  15502.779     57.521     24.774     12.210      2.508      2.194      0.785    513.064    1.00000    201.452    1.00000    116.514    1.00000    104.067    1.00000     68.145    1.00000     50.686    1.00000           
2842 2007-01-25  26450.853     49.055     34.250     25.032      8.872      4.007      2.208    528.083    1.00000    173.864    1.00000    108.819    1.00000     91.976    1.00000     55.987    1.00000     46.785    1.00000           
1729 2001-12-24  82385.416     50.407     18.595     12.096      2.669      2.060      0.943    585.747    1.00000    155.163    1.00000     99.062    1.00000     74.984    1.00000     35.370    1.00000     25.029    1.00000           
2364 2004-08-23  11923.957     51.780     29.926     18.221      7.263      2.541      1.515    500.485    1.00000    166.507    1.00000     93.551    1.00000     88.062    1.00000     46.174    1.00000     35.871    1.00000           
2538 2005-04-11  25860.299     37.346     18.215      9.485      1.270      1.425      1.449    510.870    1.00000    175.711    1.00000    100.278    1.00000     93.510    1.00000     50.446    1.00000     38.293    1.00000           
3172 2009-04-28  34266.727     36.980     27.421     20.672      5.756      0.707      1.211    572.065    1.00000    179.788    1.00000    114.866    1.00000     98.831    1.00000     62.585    1.00000     50.334    1.00000           
4243 2015-09-06  31340.560     23.363     28.386     20.422      9.341      1.150      1.398    496.810    1.00000    166.328    1.00000     85.656    1.00000     87.260    1.00000     52.072    1.00000     40.246    1.00000           
4119 2015-01-18  35302.394     43.543     50.626     34.830     16.705      3.098      2.519    505.232    1.00000    166.928    1.00000     87.185    1.00000     90.957    1.00000     49.336    1.00000     39.769    1.00000  f_BG     
70   1995-03-25  25841.574     21.882     13.255      9.429      3.508      2.325      1.735    560.510    1.00000    146.612    1.00000    117.505    1.00000     86.647    1.00000     51.105    1.00000     36.709    1.00000  f_BG     
3372 2010-11-23  82338.387     50.973     41.004     26.317     15.998      8.111      5.047    530.161    1.00000    204.665    1.00000    107.572    1.00000    111.622    1.00000     63.157    1.00000     52.543    1.00000           
3193 2009-06-26  16330.962     44.023     22.228     11.555      3.732      2.104      2.429    500.038    1.00000    226.622    1.00000    117.618    1.00000    123.219    1.00000     75.724    1.00000     53.251    1.00000           
1080 1999-09-15  83721.958     32.081     41.581     36.249     21.814      9.133      1.697    525.238    1.00000    144.394    1.00000    102.262    1.00000     78.710    1.00000     43.116    1.00000     34.426    1.00000           
3429 2011-03-28   5914.599     51.422     31.125     20.106      4.044      1.070      1.368    500.228    1.00000    157.231    1.00000    101.170    1.00000     86.494    1.00000     51.248    1.00000     44.074    1.00000           
4598 2018-01-03   4122.424     59.018     35.567     19.862      9.883      2.482      2.195    496.122    1.00000    209.811    1.00000     98.041    1.00000    117.601    1.00000     65.472    1.00000     56.321    1.00000           
769  1998-08-21  62164.354     37.780     19.718     16.806      3.766      1.486      1.820    552.013    1.00000    203.873    1.00000    160.925    1.00000    115.985    1.00000     66.323    1.00000     50.270    1.00000           
357  1996-09-02  58097.128     16.771      5.772      4.993      2.351      0.642      1.066    531.705    1.00000    209.715    1.00000    160.291    1.00000    125.399    1.00000     69.170    1.00000     55.143    1.00000           
986  1999-05-18  62464.106     48.250     33.672     28.165      8.933      3.586      3.012    503.734    1.00000    182.405    1.00000    133.296    1.00000    107.237    1.00000     59.114    1.00000     41.088    1.00000           
4397 2016-09-11  50875.776     45.376     47.532     37.297     14.904      2.757      1.636    503.616    1.00000    152.130    1.00000     97.592    1.00000     85.593    1.00000     51.285    1.00000     40.997    1.00000           
4190 2015-05-10  11988.505     39.226     49.645     35.182     25.689      8.480      1.907    493.587    1.00000    155.623    1.00000     79.491    1.00000     80.144    1.00000     46.173    1.00000     31.661    1.00000           
3442 2011-05-03  63341.862     39.983     21.406     13.996      2.479      2.247      1.313    514.995    1.00000    148.721    1.00000     98.367    1.00000     91.402    1.00000     47.592    1.00000     43.481    1.00000           
4057 2014-09-28  37793.602     46.530     31.057     18.091      8.796      2.833      1.547    516.125    1.00000    191.499    1.00000    100.471    1.00000    103.479    1.00000     60.684    1.00000     43.525    1.00000           
3924 2014-01-02  76656.245     40.101     20.537     12.769      2.842      0.926      1.106    486.179    1.00000    130.300    1.00000     82.362    1.00000     71.455    1.00000     37.800    1.00000     27.925    1.00000           
2594 2005-08-08  39729.596      3.049    -65.624    -16.067    -21.534     -8.928     -7.513   2064.515    0.00000   4631.529    0.00000    950.143    0.00000    830.490    0.00000    390.048    0.00000    297.286    0.00000  f_BG     
2000 2003-03-06  13078.979     41.623     25.449     18.453      4.874      2.027      1.141    523.609    1.00000    130.312    1.00000     85.588    1.00000     70.838    1.00000     35.422    1.00000     26.830    1.00000           
629  1998-02-02  35706.894     37.899     14.937     11.027      0.489      0.967      1.176    538.337    1.00000    208.592    1.00000    151.280    1.00000    117.685    1.00000     70.829    1.00000     48.737    1.00000           
3002 2008-04-11  76532.496     50.264     22.857     15.451      7.769      1.233      2.360    513.511    1.00000    204.434    1.00000    118.757    1.00000    106.646    1.00000     70.503    1.00000     53.206    1.00000           
3922 2013-12-31  17132.361     65.107     30.376     16.483      7.518      2.699      1.710    496.504    1.00000    158.728    1.00000     85.151    1.00000     85.366    1.00000     48.513    1.00000     39.775    1.00000           
457  1997-02-23  30386.591     37.498     27.400     23.651      9.285      2.584      1.521    528.580    1.00000    158.585    1.00000    119.672    1.00000     97.539    1.00000     54.737    1.00000     46.497    1.00000           
3793 2013-05-04  84544.491     46.162     40.494     21.940     12.894      4.004      2.357    500.502    1.00000    163.918    1.00000     87.394    1.00000     88.692    1.00000     52.571    1.00000     36.460    1.00000           
3609 2012-04-26   7755.610     49.890     17.370      7.148      1.854      1.676      1.638    493.415    1.00000    187.374    1.00000     86.876    1.00000     98.703    1.00000     50.946    1.00000     41.654    1.00000           
44   1995-01-14  47434.865     34.616     13.083      9.834      1.111      1.095      1.322    527.252    1.00000    199.140    1.00000    161.407    1.00000    114.295    1.00000     65.656    1.00000     47.701    1.00000  f_BG     
3074 2008-10-09  12055.928     48.009      2.763      1.662      1.938      0.692      2.026    521.125    1.00000    174.949    1.00000    109.397    1.00000     93.942    1.00000     58.086    1.00000     50.095    1.00000           
2786 2006-09-25  72868.088     45.913     17.160      9.125      2.166      1.768      2.168    549.122    1.00000    151.650    1.00000     99.498    1.00000     91.518    1.00000     48.336    1.00000     39.011    1.00000           
369  1996-09-21  54231.399     35.778     17.020     14.302      2.203      2.457      2.044    527.513    1.00000    203.217    1.00000    155.532    1.00000    121.026    1.00000     64.735    1.00000     49.523    1.00000           
4745 2019-01-17  52611.684     43.468     16.384     10.329      3.359      1.458      1.463    492.640    1.00000    212.433    1.00000    102.701    1.00000    116.739    1.00000     75.282    1.00000     54.208    1.00000           
4513 2017-07-02  85299.948     37.647     28.376     19.777      5.855      1.577      0.508    546.933    1.00000    161.643    1.00000     98.633    1.00000     96.528    1.00000     55.304    1.00000     46.622    1.00000           
3498 2011-08-15  34855.971     38.929     32.595     22.579      6.372      2.529      2.218    495.006    1.00000    154.301    1.00000     96.109    1.00000     83.235    1.00000     49.301    1.00000     41.338    1.00000           
2523 2005-02-28  49573.840     32.763     33.035     25.333     10.236      2.436      0.955    521.701    1.00000    157.975    1.00000     99.057    1.00000     79.083    1.00000     43.367    1.00000     34.364    1.00000           
2816 2006-11-22  28608.132     39.342     18.821     12.414      1.764      0.499      1.641    541.153    1.00000    160.250    1.00000    105.663    1.00000     96.941    1.00000     53.519    1.00000     41.528    1.00000           
1122 1999-10-26  46985.155     12.618      4.184      3.745      1.774      1.352      1.462    529.043    1.00000    130.216    1.00000     98.032    1.00000     75.357    1.00000     40.108    1.00000     33.764    1.00000           
913  1999-01-28  37252.651     42.679     17.320     14.126      1.290      1.073      1.155    510.001    1.00000    181.501    1.00000    132.917    1.00000    106.332    1.00000     52.665    1.00000     36.305    1.00000           
1611 2001-07-21  14211.432     11.498     11.170      8.393      5.549      2.876      2.459    512.339    1.00000    157.537    1.00000    104.567    1.00000     85.472    1.00000     50.581    1.00000     34.749    1.00000           
78   1995-04-03  47985.179     41.885     21.561     18.724      4.058      1.634      0.880    519.007    1.00000    198.437    1.00000    162.892    1.00000    112.420    1.00000     65.050    1.00000     47.368    1.00000  f_BG     
977  1999-05-06  41010.813     46.252     31.717     26.615     12.153      4.747      1.976    606.359    1.00000    192.418    1.00000    141.125    1.00000    113.588    1.00000     70.584    1.00000     67.099    1.00000           
3801 2013-05-18  50097.501     13.055     10.076      9.459      4.735      2.988      1.972   2654.332    0.97483   1118.774    0.99467    738.264    0.99634    496.948    0.98905    120.414    0.93196    111.398    0.96426           
2949 2007-11-08  78032.650     46.951     20.020     11.753      5.139      2.850      1.684    496.745    1.00000    218.925    1.00000    112.396    1.00000    120.117    1.00000     72.716    1.00000     50.939    1.00000           
4449 2017-02-07  78301.730     44.857     36.673     27.099      7.152      1.442      1.408    566.266    1.00000    164.928    1.00000    105.842    1.00000     90.836    1.00000     56.862    1.00000     45.785    1.00000           
124  1995-07-01  12762.114     31.223     15.920     12.697      2.606      1.392      2.211    522.024    1.00000    194.968    1.00000    148.513    1.00000    116.038    1.00000     63.483    1.00000     48.431    1.00000           
3992 2014-05-23  11157.811     46.917     34.992     23.754      7.040      1.368      1.682    486.888    1.00000    128.551    1.00000     80.627    1.00000     69.877    1.00000     37.517    1.00000     30.088    1.00000           
2703 2006-03-25  43326.674     39.518     28.061     22.024      7.280      1.264      1.309    527.963    1.00000    148.438    1.00000    102.774    1.00000     83.256    1.00000     47.184    1.00000     36.792    1.00000  f_BG     
4581 2017-11-19  85705.835     50.390     30.460     14.444      5.551      2.040      1.344    494.541    1.00000    209.791    1.00000     98.615    1.00000    117.090    1.00000     65.228    1.00000     55.745    1.00000           
472  1997-03-25  63382.800     44.765     36.094     28.025      9.157      2.798      1.309    549.775    1.00000    166.995    1.00000    118.498    1.00000     93.779    1.00000     59.472    1.00000     46.015    1.00000           
2298 2004-06-12  78224.318     40.248     20.600     15.438      6.254      3.782      0.616    522.491    1.00000    132.991    1.00000     86.112    1.00000     77.530    1.00000     36.704    1.00000     28.370    1.00000           
344  1996-08-07  71369.324     34.287     20.749     18.826      5.177      1.196      0.508    528.620    1.00000    161.222    1.00000    132.613    1.00000     96.977    1.00000     56.982    1.00000     46.615    1.00000  f_BG     
2388 2004-09-26  14597.402     51.056     42.556     29.631     14.044      1.352      0.849    501.811    1.00000    172.135    1.00000     97.037    1.00000     92.203    1.00000     49.776    1.00000     37.216    1.00000           
2483 2004-12-26  62546.361     40.736     32.643     26.910     12.778      4.704      1.542    530.542    1.00000    146.492    1.00000     98.359    1.00000     80.982    1.00000     45.283    1.00000     35.572    1.00000  f_BG     
2919 2007-08-21  46164.332     49.926     27.789     17.744      6.414      3.375      2.539    512.858    1.00000    196.118    1.00000    108.822    1.00000    115.918    1.00000     67.952    1.00000     48.486    1.00000           
3015 2008-05-14  35758.672     51.496     28.961     18.604      3.613      2.512      0.943    520.365    1.00000    171.220    1.00000    106.241    1.00000     96.785    1.00000     50.727    1.00000     47.361    1.00000           
87   1995-04-16  13306.766     31.185      9.681      7.540      2.285      1.895      1.512    520.480    1.00000    196.367    1.00000    160.863    1.00000    109.438    1.00000     62.622    1.00000     46.862    1.00000  f_BG     
560  1997-09-30     61.981     38.577     17.306     14.342      2.526      1.744      1.651    559.636    0.80045    204.195    1.00000    163.307    1.00000    119.066    1.00000     66.230    1.00000     52.049    1.00000           
3423 2011-03-18  45842.820     33.777     35.325     29.079     15.996      4.466      2.385    501.384    1.00000    162.934    1.00000    101.053    1.00000     90.993    1.00000     46.829    1.00000     43.973    1.00000           
1200 2000-01-10  16726.083     37.781     15.592     14.122      2.846      1.027      0.794    514.208    1.00000    142.964    1.00000    104.453    1.00000     82.134    1.00000     41.210    1.00000     37.694    1.00000           
20   1994-12-10  11452.523     35.560     35.569     31.109     13.417      4.230      1.989    548.929    1.00000    160.088    1.00000    122.284    1.00000     88.858    1.00000     57.105    1.00000     45.481    1.00000           
2795 2006-10-07  36489.344     53.266     31.661     20.700      8.420      3.788      2.442    510.447    1.00000    195.647    1.00000    111.942    1.00000    105.800    1.00000     60.669    1.00000     47.986    1.00000           
1263 2000-03-15  83972.528     52.759     36.891     32.370     12.241      5.799      3.473    498.480    1.00000    123.960    1.00000     92.667    1.00000     67.615    1.00000     31.077    1.00000     25.111    1.00000           
4738 2019-01-03  60113.215     46.579     32.827     22.321     10.027      2.388      1.285    531.941    1.00000    176.396    1.00000    105.513    1.00000     99.388    1.00000     60.849    1.00000     50.972    1.00000           
1460 2000-11-06  54915.504     28.600     14.417      9.876      3.182      1.799      0.822    532.607    1.00000    143.139    1.00000     93.256    1.00000     73.451    1.00000     36.874    1.00000     24.631    1.00000           
1764 2002-03-03  82040.223     37.956     26.192     17.541      2.282      2.114      1.151    519.835    1.00000    137.209    1.00000     83.567    1.00000     74.705    1.00000     31.635    1.00000     26.519    1.00000           
2259 2004-04-21   9017.953     50.094     47.613     33.518     15.520      2.345      1.135    510.989    1.00000    164.799    1.00000     92.555    1.00000     88.139    1.00000     45.528    1.00000     34.367    1.00000           
1031 1999-08-03  23377.368     43.423     44.187     38.410     14.713      1.916      1.090    544.996    1.00000    144.794    1.00000    109.223    1.00000     85.654    1.00000     49.406    1.00000     40.028    1.00000           
907  1999-01-23  35234.151     30.933     30.641     27.680     13.457      4.152      2.195    824.583    1.00000    410.502    1.00000    331.889    1.00000    225.431    1.00000    124.785    1.00000    147.366    1.00000           
2702 2006-03-23  25464.079     40.566     23.389     17.377      6.187      1.898      1.977    531.733    1.00000    150.580    1.00000    104.167    1.00000     84.269    1.00000     47.569    1.00000     37.863    1.00000           
4214 2015-06-27  15806.292     63.817     30.527     19.765      9.188      4.176      1.863    533.732    1.00000    180.905    1.00000     94.096    1.00000    102.770    1.00000    109.456    1.00000    165.270    1.00000           
4348 2016-05-21  33237.337     43.515     20.816     11.919      1.501      0.968      0.705    506.051    1.00000    152.847    1.00000     93.876    1.00000     82.071    1.00000     48.729    1.00000     40.456    1.00000           
4583 2017-11-20  48000.683     21.741      8.910      5.473      2.291      0.928      1.188    537.871    1.00000    170.087    1.00000    102.024    1.00000     95.733    1.00000     57.904    1.00000     48.283    1.00000           
2231 2004-02-28    524.351     50.509     37.071     24.705     12.352      3.753      2.836    527.334    0.00287    162.913    0.99985     90.790    1.00000     84.330    1.00000     42.582    1.00000     31.209    1.00000           
3029 2008-06-05  85682.336     40.612     22.370     14.831      3.835      1.009      2.405    533.325    1.00000    161.481    1.00000    106.743    1.00000     98.329    1.00000     51.722    1.00000     48.737    1.00000           
3069 2008-09-18  35078.358     39.497     28.456     21.393      8.767      2.511      0.422    516.431    1.00000    172.982    1.00000    108.765    1.00000     98.252    1.00000     51.615    1.00000     49.308    1.00000           
490  1997-05-17  32680.995     33.285     22.173     19.915      1.519     -0.079      1.125    520.352    1.00000    200.496    1.00000    168.082    1.00000    117.543    1.00000     64.979    1.00000     50.691    1.00000           
3440 2011-04-22  56502.948     58.836     22.860     16.718      3.436      2.538      2.006    501.559    1.00000    159.879    1.00000     99.210    1.00000     85.472    1.00000     51.521    1.00000     42.567    1.00000           
1519 2001-02-22  26591.652     46.222     27.322     22.522      7.225      3.808      2.385    547.082    1.00000    119.692    1.00000     88.642    1.00000     65.574    1.00000     29.090    1.00000     22.054    1.00000           
4043 2014-08-25  24925.660     65.669     21.581      9.163      1.993      2.311      1.448    492.460    1.00000    156.412    1.00000     83.789    1.00000     85.329    1.00000     47.978    1.00000     37.418    1.00000           
696  1998-06-05  51131.976      6.627      7.273      5.380      1.985      0.335      0.948    527.084    1.00000    160.721    1.00000    111.412    1.00000     91.321    1.00000     52.036    1.00000     45.016    1.00000           
3757 2013-03-20  25724.822     54.698     34.928     20.121      6.026      1.798      1.419    492.438    1.00000    155.482    1.00000     83.574    1.00000     81.818    1.00000     46.800    1.00000     32.857    1.00000           
3480 2011-07-15  47635.304     53.266     18.263      6.868      1.265      1.188      1.050    518.525    1.00000    185.661    1.00000     96.120    1.00000     96.297    1.00000     60.265    1.00000     41.870    1.00000           
1710 2001-11-21  67633.457     50.700     30.119     20.511     13.736      7.048      2.242    622.199    1.00000    261.000    1.00000    147.708    1.00000    129.167    1.00000     53.708    1.00000     35.654    1.00000           
4497 2017-05-22  84124.494     59.525     35.236     20.753     11.320      3.853      1.100    519.808    1.00000    197.805    1.00000    108.211    1.00000    107.956    1.00000     69.689    1.00000     51.774    1.00000  f_BG     
2668 2006-01-17  24597.852     62.132     16.098      7.559      3.776      1.055      0.216    504.358    1.00000    178.904    1.00000    101.740    1.00000     96.759    1.00000     52.437    1.00000     41.026    1.00000           
4377 2016-07-20  66314.254     56.426     26.536     17.150      4.621      1.454      0.861    501.350    1.00000    151.943    1.00000     93.796    1.00000     80.967    1.00000     45.837    1.00000     40.401    1.00000           
3190 2009-06-18  30504.974     56.964     25.291     19.460      7.688      1.782      2.024    521.376    0.99958    185.434    1.00000    115.065    1.00000    100.074    1.00000     64.298    1.00000     56.622    1.00000           
71   1995-03-25  63392.815     48.026     31.221     27.389      7.282      1.734      1.730    523.506    1.00000    196.331    1.00000    160.922    1.00000    111.713    1.00000     63.350    1.00000     46.941    1.00000  f_BG     
1588 2001-06-13  48188.355     39.430     21.134     14.569      1.519      1.564      1.497    521.781    1.00000    129.077    1.00000     89.741    1.00000     70.188    1.00000     33.885    1.00000     25.805    1.00000           
1433 2000-09-18  37355.019     41.683     38.383     31.495     15.620      6.707      2.465    561.581    1.00000    130.801    1.00000     90.088    1.00000     67.685    1.00000     26.871    1.00000     20.303    1.00000           
1417 2000-08-20  31075.424     55.747     31.854     23.682      9.519      3.783      2.185    553.472    1.00000    188.687    1.00000    116.270    1.00000     88.950    1.00000     43.984    1.00000     29.067    0.99999           
4603 2018-01-13  36129.524     60.222     38.691     22.064     12.762      4.335      2.636    496.504    1.00000    214.960    1.00000    100.429    1.00000    120.396    1.00000     69.248    1.00000     58.002    1.00000           
2815 2006-11-21  55412.445     52.907     33.741     22.334      8.874      1.068      2.097    515.329    1.00000    201.739    1.00000    115.734    1.00000    111.310    1.00000     65.208    1.00000     50.352    1.00000           
4734 2018-12-27  22619.317     73.155     11.602      2.745      1.316      0.895      2.401    494.645    1.00000    213.564    1.00000    103.482    1.00000    117.938    1.00000     76.990    1.00000     55.291    1.00000           
2667 2006-01-15  14584.694     26.836     12.907      7.594      1.938      1.767      1.018    501.527    1.00000    180.478    1.00000    103.316    1.00000     97.215    1.00000     53.047    1.00000     42.418    1.00000           
4682 2018-07-28  62954.093     50.164     16.123      8.355      3.153      1.774      2.269    492.272    1.00000    218.049    1.00000    102.182    1.00000    121.580    1.00000     68.610    1.00000     59.783    1.00000  f_BG     
1010 1999-07-12  27915.510      7.325     10.788      9.805      5.672      2.454      0.946    508.187    1.00000    184.485    1.00000    135.684    1.00000    108.632    1.00000     54.696    1.00000     45.060    1.00000           
1420 2000-08-23  49278.305     43.395     29.165     24.219      5.138      1.414      2.227    567.590    1.00000    156.653    1.00000    110.056    1.00000     75.061    1.00000     35.557    1.00000     26.333    1.00000           
4601 2018-01-13    958.621     47.434     37.627     28.507     11.323      1.267      2.018    551.359    1.00000    169.134    1.00000    104.325    1.00000    101.901    1.00000     57.009    1.00000     53.812    1.00000           
2168 2003-11-11  60315.432     27.773     25.195     16.648     11.383      6.525      1.346    997.979    0.00252    579.944    1.00000    335.623    1.00000    275.636    1.00000    104.828    1.00000     51.984    1.00000           
3322 2010-07-07   2798.855     47.322     35.590     23.771     12.018      3.888      2.414    547.961    1.00000    212.181    1.00000    110.588    1.00000    116.286    1.00000     66.008    1.00000     55.138    1.00000           
3805 2013-05-27  51688.300     37.979     47.664     36.707     24.081      9.579      1.551    530.545    1.00000    166.479    1.00000     95.586    1.00000     84.875    1.00000     41.352    1.00000     33.800    1.00000           
522  1997-07-15  51674.349     44.439     26.880     23.905      5.612      1.820      1.234    528.254    1.00000    157.362    1.00000    129.761    1.00000     96.567    1.00000     53.780    1.00000     45.339    1.00000           
3202 2009-07-20  61379.486     16.310     12.490      8.230      4.661      2.837      0.512    547.879    1.00000    230.227    1.00000    120.092    1.00000    125.749    1.00000     73.169    1.00000     60.244    1.00000           
509  1997-06-25  43993.735     37.964     34.567     31.639     10.658      2.110      1.248    530.948    1.00000    159.715    1.00000    131.739    1.00000     96.188    1.00000     53.948    1.00000     46.372    1.00000           
1743 2002-01-27  25633.958     43.910     38.572     28.329     20.384     11.519      7.054    547.981    1.00000    174.228    1.00000     97.886    1.00000     88.989    1.00000     44.685    1.00000     34.701    1.00000           
2742 2006-06-24  49615.385     35.730      6.098      3.431      1.056      0.838      1.412    531.895    1.00000    152.138    1.00000     99.485    1.00000     91.112    1.00000     48.845    1.00000     39.716    1.00000           
94   1995-04-25    923.718     40.560     32.822     30.846     17.703     10.289      4.379    516.357    1.00000    192.979    1.00000    161.489    1.00000    111.147    1.00000     62.915    1.00000     46.655    1.00000  f_BG     
3359 2010-10-14  15115.250     59.177     28.610     18.261     12.387      4.633      1.634    572.444    0.00000    213.125    0.39793    110.563    0.99891    113.539    1.00000     64.556    1.00000     54.105    1.00000           
3810 2013-06-06  42940.544     53.012     37.950     22.455     16.289      8.865      5.377    493.475    1.00000    154.916    1.00000     74.934    1.00000     88.870    1.00000     44.840    1.00000     35.293    1.00000           
3030 2008-06-07  22043.336     44.489     31.940     22.505      6.367      2.210      2.175    529.102    1.00000    170.645    1.00000    105.547    1.00000     96.091    1.00000     50.300    1.00000     46.870    1.00000           
3690 2012-09-11  23172.213     50.532     45.593     28.386     20.774      8.091      3.787    488.642    1.00000    179.002    1.00000     80.505    1.00000     96.383    1.00000     49.788    1.00000     39.692    1.00000           
391  1996-10-29  24354.087     32.438     19.338     18.210      5.627      1.630      2.401    663.167    0.04738    211.670    0.97662    161.662    0.98262    122.721    0.97605     67.444    0.99573     49.520    0.88092           
312  1996-05-31  73498.259     44.727     26.486     24.388      7.316      1.697      1.140    532.248    1.00000    163.656    1.00000    130.954    1.00000     95.283    1.00000     54.424    1.00000     43.319    1.00000  f_BG     
2451 2004-12-02   9054.774     52.551     37.792     24.451      9.202      2.209      1.739    513.439    1.00000    176.041    1.00000    100.033    1.00000     96.531    1.00000     53.553    1.00000     39.901    1.00000           
3469 2011-06-25  76105.088     54.881     24.815     16.250      3.251      1.854      1.166    500.685    1.00000    149.464    1.00000     95.392    1.00000     81.889    1.00000     46.942    1.00000     35.453    1.00000           
950  1999-03-23  62977.122     47.913     32.830     27.323      8.626      3.098      1.585    512.265    1.00000    180.690    1.00000    132.077    1.00000    107.637    1.00000     58.152    1.00000     43.791    1.00000           
4131 2015-02-13    110.148     57.404     14.824      7.123      1.782      1.023      1.274    503.151    1.00000    166.201    1.00000     86.632    1.00000     88.099    1.00000     54.586    1.00000     37.135    1.00000  f_BG     
373  1996-10-01  75186.385     44.467     26.675     22.184      3.529      1.016      1.166    538.075    1.00000    166.194    1.00000    129.885    1.00000     91.254    1.00000     54.877    1.00000     49.135    1.00000           
145  1995-08-18   5065.640     50.689     28.187     24.358      4.587      1.110      1.373    532.452    1.00000    154.845    1.00000    123.239    1.00000     89.301    1.00000     51.264    1.00000     41.208    1.00000  f_BG     
469  1997-03-15  79764.429     44.595     40.487     34.072     16.641      5.367      1.405    542.154    0.99996    215.995    0.99999    158.183    1.00000    116.749    1.00000     69.933    1.00000     55.694    1.00000           
632  1998-02-03  82030.784     45.367     24.052     19.061      6.605      2.944      1.910    539.354    1.00000    210.562    1.00000    153.550    1.00000    118.009    1.00000     67.594    1.00000     53.603    1.00000           
3232 2009-10-03  16543.801     36.499     25.252     18.248      4.689      1.424      0.315    516.150    1.00000    178.816    1.00000    115.710    1.00000     99.243    1.00000     62.081    1.00000     55.464    1.00000           
3321 2010-07-01  42319.075     27.855     31.134     20.571     12.667      4.102      1.607    537.421    1.00000    208.437    1.00000    108.486    1.00000    115.176    1.00000     65.122    1.00000     53.973    1.00000           
133  1995-07-15  75567.288     34.060     17.299     12.645      3.099      1.554      1.133    527.891    1.00000    143.385    1.00000    115.596    1.00000     85.789    1.00000     49.966    1.00000     38.402    1.00000  f_BG     
3493 2011-08-08  56695.237     11.493     10.376      7.620      5.946      4.117      1.605    520.810    1.00000    182.721    1.00000     97.625    1.00000     97.485    1.00000     59.841    1.00000     43.039    1.00000  f_BG     
3502 2011-08-20  77268.054     60.303     39.650     25.143     14.083      6.950      3.488    522.747    1.00000    191.319    1.00000     99.300    1.00000    106.022    1.00000     60.104    1.00000     49.438    1.00000           
2449 2004-11-25  58027.399     54.576     28.179     20.017      6.499      2.798      1.461    547.213    1.00000    150.300    1.00000     98.212    1.00000     87.953    1.00000     42.982    1.00000     33.182    1.00000           
2560 2005-05-25    176.704     59.537     13.752      8.611      1.267      1.104      1.081    525.433    1.00000    136.879    1.00000     89.424    1.00000     81.228    1.00000     39.559    1.00000     30.603    1.00000           
966  1999-04-19  46510.342     47.963     44.474     39.560     19.012      9.217      3.600    499.790    1.00000    145.779    1.00000    106.876    1.00000     82.140    1.00000     48.326    1.00000     37.540    1.00000           
2990 2008-03-19  22370.339     41.119     40.186     31.823     14.017      4.059      2.090    543.774    0.94698    165.430    0.98468    109.497    0.99670     99.390    0.98871     55.688    0.94962     47.437    0.99953           
2452 2004-12-06  23066.948     51.673     41.973     32.272      9.089      2.302      1.289    526.888    1.00000    142.938    1.00000     95.936    1.00000     76.808    1.00000     40.693    1.00000     33.085    1.00000           
3326 2010-07-19  85441.238     43.983     30.947     20.485      9.719      3.773      2.405    536.583    1.00000    211.914    1.00000    110.232    1.00000    116.014    1.00000     66.379    1.00000     55.770    1.00000           
4754 2019-02-04  20755.832     38.199     24.712     17.249      7.379      1.280      2.010    539.808    1.00000    186.763    1.00000    107.948    1.00000    101.700    1.00000     64.020    1.00000     56.925    1.00000           
2783 2006-09-20  55958.093     55.702     26.691     16.911      9.447      3.723      1.491    511.492    1.00000    192.958    1.00000    110.543    1.00000    104.019    1.00000     59.381    1.00000     47.742    1.00000           
4315 2016-03-10  59210.467     41.289     37.180     28.887     15.006      3.725      1.817    516.269    1.00000    156.047    1.00000     95.686    1.00000     88.440    1.00000     44.820    1.00000     41.406    1.00000           
3345 2010-08-29  75727.937     38.214     21.771     15.944      2.873      0.465      1.282    498.472    1.00000    162.183    1.00000    105.290    1.00000     90.437    1.00000     55.538    1.00000     44.695    1.00000           
172  1995-10-19  11712.625     42.878     28.025     25.460      9.481      3.206      1.474    502.017    1.00000    205.881    0.99999    161.968    1.00000    110.731    0.99998     60.984    1.00000     48.642    1.00000           
3413 2011-03-01  18525.763     48.198     14.811     10.891      2.283      1.874      1.713    505.283    1.00000    167.408    1.00000    104.354    1.00000     90.108    1.00000     54.516    1.00000     46.240    1.00000           
4465 2017-03-11  49504.661     49.865     40.284     30.139      9.032      1.426      2.168    516.581    1.00000    170.226    1.00000    106.238    1.00000     92.981    1.00000     58.322    1.00000     50.328    1.00000           
4125 2015-02-01  49611.653     59.460     23.572     13.277      3.830      1.369      1.150    513.964    1.00000    155.796    1.00000     80.279    1.00000     80.414    1.00000     47.810    1.00000     36.815    1.00000  f_BG     
2899 2007-06-26  14850.883     59.094     30.782     17.723      8.528      3.390      2.204    508.922    0.99965    203.436    0.99993    108.898    1.00000    113.359    0.99996     66.417    0.99992     47.141    0.99998           
2823 2006-12-12  19882.180     21.220     23.357     17.082     10.248      5.416      1.969   1413.725    1.00000    788.094    0.99997    439.791    1.00000    405.725    1.00000    233.520    1.00000    354.023    1.00000           
4334 2016-04-24  60076.801     48.551     25.671     18.161      5.210      1.717      1.667    504.444    1.00000    153.266    1.00000     94.131    1.00000     85.521    1.00000     42.884    1.00000     40.460    1.00000  f_BG     
3976 2014-04-16   5196.209     56.072     17.794     11.671      2.355      1.991      1.458    482.972    1.00000    128.126    1.00000     79.836    1.00000     69.867    1.00000     36.987    1.00000     27.569    1.00000           
4167 2015-03-30  71538.572     45.348     30.445     23.166     12.621      5.645      2.564    506.370    1.00000    137.560    1.00000     84.504    1.00000     72.085    1.00000     38.063    1.00000     30.120    1.00000           
1078 1999-09-13  24717.970     39.188     29.048     25.613      5.889      2.042      1.388    535.694    1.00000    139.052    1.00000    105.281    1.00000     81.677    1.00000     46.544    1.00000     36.736    1.00000           
4568 2017-10-10  68460.142     72.083     32.858     16.574      8.777      3.113      2.881    623.145    0.00078    222.705    0.79718     99.976    0.89888    106.958    0.98022     62.720    0.99419     49.292    0.99535           
4242 2015-09-02  63340.850     54.360     39.761     24.438     11.295      2.531      2.316    498.843    1.00000    166.734    1.00000     86.286    1.00000     87.118    1.00000     52.171    1.00000     40.989    1.00000           
317  1996-06-12  71198.677     32.711     34.477     31.917     13.068      2.773      2.181    530.649    1.00000    207.663    1.00000    170.080    1.00000    117.582    1.00000     66.552    1.00000     48.462    1.00000  f_BG     
992  1999-05-31  57381.211     38.333     29.486     25.720     10.745      3.345      1.047    547.189    1.00000    145.998    1.00000    110.417    1.00000     86.668    1.00000     49.703    1.00000     41.556    1.00000           
4728 2018-12-01   9592.355     52.144     21.894     14.310      4.904      1.690      1.659    516.996    1.00000    175.692    1.00000    105.298    1.00000     99.548    1.00000     61.593    1.00000     51.660    1.00000           
4732 2018-12-22  24090.989     36.825     30.195     20.203     15.060      9.131      2.633    502.060    1.00000    221.931    1.00000    105.175    1.00000    123.798    1.00000     69.733    1.00000     61.287    1.00000           
1754 2002-02-18  71352.446     61.546     22.766     13.399      3.449      1.528      1.056    527.499    1.00000    162.735    1.00000     90.405    1.00000     85.410    1.00000     42.648    1.00000     30.481    1.00000           
1401 2000-07-30  50427.134     37.506     28.762     24.063     12.811      5.015      1.787    651.800    1.00000    249.279    1.00000    180.867    1.00000    103.410    1.00000     36.075    1.00000     25.518    1.00000           
2679 2006-02-13  47469.517     41.280     43.372     30.912     18.598      6.188      1.291    508.210    1.00000    184.507    1.00000    105.552    1.00000    100.615    1.00000     55.920    1.00000     43.196    1.00000           
1531 2001-03-17  23290.996     36.420     19.183     15.296      5.122      2.220      0.713    497.689    1.00000    154.480    1.00000    100.712    1.00000     79.455    1.00000     41.129    1.00000     27.582    1.00000           
2896 2007-06-22   8711.540     43.547     34.178     26.250     12.681      3.609      0.490    514.433    1.00000    169.815    1.00000    105.307    1.00000     96.325    1.00000     50.053    1.00000     47.201    1.00000           
171  1995-10-18  19832.069     34.950     14.089     11.401      1.998      1.187      1.636    529.820    1.00000    155.254    1.00000    124.614    1.00000     90.641    1.00000     52.094    1.00000     42.735    1.00000  f_BG     
2095 2003-07-22  48700.685     57.373     38.838     28.266     10.232      4.008      0.991    471.802    1.00000    144.043    1.00000     86.630    1.00000     76.267    1.00000     37.931    1.00000     27.346    1.00000           
4353 2016-05-30  57673.148     40.838     23.255     16.171      4.037      1.561      1.746    518.728    1.00000    144.852    1.00000     95.652    1.00000     86.596    1.00000     44.439    1.00000     41.382    1.00000           
1333 2000-06-04   2144.306     43.443     30.801     26.500      7.277      1.365      0.969    495.540    1.00000    120.195    1.00000     89.510    1.00000     65.495    1.00000     30.442    1.00000     24.038    1.00000           
3790 2013-05-02  28272.763     54.414     31.564     22.648      7.440      2.321      2.459    495.336    1.00000    144.713    1.00000     92.144    1.00000     77.655    1.00000     41.554    1.00000     32.176    1.00000           
2955 2007-11-25  50197.159     42.475     27.488     21.140      6.624      2.282      2.009    518.213    1.00000    169.504    1.00000    105.509    1.00000     91.577    1.00000     55.113    1.00000     46.766    1.00000           
3159 2009-04-06  62531.417     47.148     26.147     15.793      7.693      1.708      1.359    501.417    1.00000    227.778    1.00000    118.267    1.00000    124.466    1.00000     75.782    1.00000     53.192    1.00000           
1452 2000-10-25  11404.620     32.868     17.554     12.427      3.062      1.946      0.706    538.808    1.00000    151.626    1.00000     99.795    1.00000     78.260    1.00000     43.263    1.00000     27.769    1.00000  f_BG     
4428 2016-12-18  30761.134     56.622     27.816     13.791      3.548      1.533      2.373    521.143    1.00000    202.255    1.00000    106.366    1.00000    108.190    1.00000     69.239    1.00000     50.890    1.00000           
2758 2006-08-05  52035.660     37.230     26.556     22.425     11.683      3.611      1.264    533.054    1.00000    152.231    1.00000    100.076    1.00000     92.434    1.00000     49.246    1.00000     39.905    1.00000           
3228 2009-09-26  15628.683     46.653     30.877     19.022      8.081      4.352      2.033    548.903    1.00000    229.594    1.00000    119.775    1.00000    126.380    1.00000     72.879    1.00000     61.256    1.00000           
4387 2016-08-16  63061.653     45.182     23.622     14.253      2.991      1.070      1.637    504.375    1.00000    153.698    1.00000     97.761    1.00000     86.199    1.00000     52.790    1.00000     41.721    1.00000           
455  1997-02-18  50996.145     43.556     29.583     25.934      9.029      2.227      1.242    526.348    1.00000    159.240    1.00000    119.816    1.00000     98.276    1.00000     55.468    1.00000     46.226    1.00000           
1838 2002-07-15  69663.042     42.708     37.679     29.204     11.944      1.927      0.593    489.129    1.00000    132.935    1.00000     81.254    1.00000     69.426    1.00000     34.105    1.00000     26.616    1.00000           
4153 2015-03-14  17691.727     47.446     33.858     24.731      9.652      1.987      1.235    500.698    1.00000    127.539    1.00000     82.837    1.00000     75.039    1.00000     34.148    1.00000     30.161    1.00000  f_BG     
2023 2003-04-19   4327.380     52.920     26.995     17.855      3.990      1.462      2.656    472.072    1.00000    145.226    1.00000     88.093    1.00000     77.310    1.00000     38.253    1.00000     27.557    1.00000           
1284 2000-04-08   9347.930     30.750     20.626     16.762      3.869      1.919      1.587   1075.366    0.00000    113.138    0.36988     85.244    0.99999     66.029    1.00000     30.028    1.00000     23.601    0.99999  f_BG     
4352 2016-05-30  25426.549     47.011     36.496     25.289     11.893      1.876      1.272    509.352    1.00000    183.912    1.00000     95.500    1.00000    101.141    1.00000     54.764    1.00000     46.786    1.00000           
2233 2004-03-02  44640.988     48.107     37.740     27.970     14.280      5.245      1.895    509.008    1.00000    156.499    1.00000     87.251    1.00000     83.370    1.00000     40.986    1.00000     31.049    1.00000           
4615 2018-02-18  54845.382     49.956     37.517     27.585      9.052      2.745      1.150    549.866    1.00000    169.553    1.00000    104.393    1.00000    103.825    1.00000     61.236    1.00000     49.737    1.00000           
4480 2017-04-09   9741.024     42.212     49.239     34.804     26.590     12.410      2.461    518.576    1.00000    199.536    1.00000    105.869    1.00000    106.702    1.00000     67.587    1.00000     49.921    1.00000           
3794 2013-05-05  30147.038     37.527     38.764     27.499     18.910     11.495      5.114    502.572    1.00000    162.774    1.00000     87.854    1.00000     88.263    1.00000     52.388    1.00000     36.207    1.00000           
3157 2009-04-01  30922.964     42.611     28.217     17.905     10.073      1.834      2.164    521.356    1.00000    212.255    1.00000    119.248    1.00000    125.229    1.00000     76.814    1.00000     53.662    1.00000           
4393 2016-08-29  51520.405     36.108     18.155     13.243      3.715      2.018      1.292    504.526    1.00000    158.351    1.00000    101.178    1.00000     89.807    1.00000     54.943    1.00000     44.312    1.00000           
2457 2004-12-11  86263.231     35.359     49.084     43.264     34.897     16.180      2.191    524.854    1.00000    142.473    1.00000     95.435    1.00000     77.826    1.00000     41.676    1.00000     33.797    1.00000           
954  1999-04-01  62168.958     45.714     36.330     31.766     12.218      5.099      4.744    511.370    1.00000    186.587    0.99995    132.667    0.99999    105.597    1.00000     57.954    1.00000     42.719    0.99992           
1549 2001-04-08  24322.827     28.135     14.497     10.569      1.940      1.211      0.764   1014.824    1.00000    616.021    1.00000    410.974    1.00000    336.025    1.00000    129.862    1.00000     79.727    1.00000           
81   1995-04-07  54922.052    -51.116    -26.644     25.521      6.521      2.510     -1.461   7519.808    0.00000   2679.228    0.00000    160.278    1.00000    112.947    1.00000     64.594    1.00000    149.671    0.00000  f_BG     
511  1997-06-27  79608.806     45.811     26.297     23.356      4.031      2.454      1.722    530.663    1.00000    159.283    1.00000    130.401    1.00000     96.643    1.00000     54.165    1.00000     45.341    1.00000           
4332 2016-04-22  43139.194     64.732     29.342     16.939      6.746      2.234      1.544    509.904    1.00000    180.145    1.00000     94.059    1.00000     99.059    1.00000     54.015    1.00000     46.265    1.00000  f_BG     
308  1996-05-29  43663.061     34.730     36.829     31.796     21.638      8.445      1.848    538.840    1.00000    162.169    1.00000    113.502    1.00000     99.063    1.00000     50.880    1.00000     43.324    1.00000  f_BG     
420  1996-12-02  66661.097     38.179     11.340      8.178      1.461      1.292     -0.036    538.989    1.00000    161.777    1.00000    127.132    1.00000     89.257    1.00000     55.237    1.00000     47.837    1.00000           
2012 2003-03-29  41849.254     56.066     18.147     14.179      3.498      2.037      1.477    497.841    1.00000    119.409    1.00000     83.461    1.00000     67.965    1.00000     31.515    1.00000     24.536    1.00000           
3969 2014-03-20  73298.804     48.034     51.098     40.954     19.717      4.211      1.126    489.168    1.00000    129.018    1.00000     80.845    1.00000     70.801    1.00000     37.192    1.00000     27.524    1.00000           
1448 2000-10-18  61114.680     38.358     26.560     22.738      7.569      2.980      1.541    552.842    1.00000    138.715    1.00000     97.325    1.00000     73.707    1.00000     42.835    1.00000     43.658    1.00000           
3987 2014-05-08  11038.423     37.694     27.037     21.544      9.152      2.102      2.068    530.457    1.00000    144.823    1.00000     88.436    1.00000     74.036    1.00000     42.467    1.00000     41.003    1.00000           
2566 2005-06-03  23340.767     55.361     34.664     23.084      9.309      3.953      2.772    516.523    1.00000    171.134    1.00000     96.398    1.00000     90.759    1.00000     47.688    1.00000     37.101    1.00000           
3873 2013-10-28   6546.966     38.412     35.981     29.896     18.817      7.330      2.544    592.727    0.00000    136.664    1.00000     90.262    1.00000     76.657    1.00000     41.157    1.00000     34.389    1.00000           
96   1995-05-03  66971.838     27.785     10.989     10.416      6.838      3.008      1.155    511.556    1.00000    189.478    1.00000    158.716    1.00000    109.880    1.00000     61.985    1.00000     46.720    1.00000  f_BG     
128  1995-07-04  11431.823     38.195     24.260     20.003      3.865      3.304      0.982    522.908    1.00000    195.452    1.00000    149.070    1.00000    116.244    1.00000     62.823    1.00000     51.215    1.00000           
625  1998-01-25  74413.986     39.129     24.498     22.523      8.835      3.238      2.172    528.376    1.00000    158.778    1.00000    122.025    1.00000     92.967    0.99999     52.943    1.00000     46.646    1.00000           
3168 2009-04-24  51131.725    -25.506    -23.775    -57.506   -149.667   -104.245   -478.442   6674.267    0.00000   2390.241    0.00000   3300.130    0.00000   8634.874    0.00000   3320.168    0.00000  15013.817    0.00000  f_BG     
468  1997-03-15  56452.260     40.601     25.623     21.198      6.121      2.265      1.992    518.471    1.00000    169.467    1.00000    120.023    1.00000     98.602    1.00000     55.789    1.00000     46.939    1.00000           
4113 2014-12-22  25735.342     16.216      9.447      8.262      6.240      1.848      1.182    766.467    0.00000    240.284    1.00000    129.378    1.00000    109.427    1.00000     54.017    1.00000     48.505    1.00000           
4396 2016-09-10  62379.089     42.814     40.303     30.614      8.814      3.714      2.293    502.250    1.00000    151.829    1.00000     97.181    1.00000     85.495    1.00000     50.884    1.00000     43.995    1.00000           
4385 2016-08-02  22409.945     40.750     27.818     22.214      7.731      0.953      1.664    505.588    1.00000    157.358    1.00000    100.586    1.00000     88.228    1.00000     54.524    1.00000     42.742    1.00000           
1159 1999-12-08  16613.263     42.767     22.800     21.013      4.333      1.409      1.761    489.636    1.00000    130.973    1.00000     99.894    1.00000     73.201    1.00000     36.747    1.00000     29.797    1.00000           
139  1995-08-04   7135.704     35.276     25.349     22.800      3.492      1.144      1.409    539.342    1.00000    156.758    1.00000    123.433    1.00000     90.543    1.00000     51.622    1.00000     41.739    1.00000  f_BG     
99   1995-05-12   1003.891     35.735     24.564     21.628      8.511      2.376      0.334    532.830    1.00000    204.749    1.00000    162.085    1.00000    107.991    1.00000     65.022    1.00000     52.075    1.00000           
331  1996-07-10    662.014     37.014     31.039     30.048     14.669      4.295      2.214    532.387    1.00000    162.866    1.00000    131.368    1.00000     96.468    1.00000     55.042    1.00000     44.582    1.00000  f_BG     
2242 2004-03-29  40250.060     21.979     24.734     18.728     11.071      5.537      1.305    507.339    1.00000    160.564    1.00000     90.042    1.00000     85.193    1.00000     43.389    1.00000     32.529    1.00000           
2789 2006-09-28   4622.782     56.433     35.915     24.229     15.670      6.626      2.211    512.794    0.99998    195.595    1.00000    101.189    1.00000    110.535    0.99997     63.683    1.00000     43.892    1.00000           
3623 2012-06-02  18000.228     57.635     38.661     21.182     10.899      2.839      2.139    498.169    1.00000    186.860    1.00000     84.771    1.00000     98.027    1.00000     50.684    1.00000     42.104    1.00000           
218  1996-01-14  44104.737     35.478     14.648     13.037      4.741      2.327      1.975    530.678    1.00000    205.342    1.00000    165.778    1.00000    107.351    1.00000     65.513    1.00000     51.552    1.00000           
1227 2000-02-10  31445.712     40.294     26.911     22.828      8.891      3.441      1.915    481.416    1.00000    153.064    1.00000    112.039    1.00000     84.043    1.00000     45.723    1.00000     32.581    1.00000           
3448 2011-05-18  74290.767     50.548     21.572     15.198      8.753      2.235      0.698    524.207    1.00000    193.419    1.00000    100.321    1.00000    103.619    1.00000     57.051    1.00000     48.139    1.00000           
4569 2017-10-11   3931.430     45.508     35.738     21.616      9.545      3.751      1.919    547.958    1.00000    222.024    1.00000    102.486    1.00000    112.573    1.00000     65.543    1.00000     50.783    1.00000           
3972 2014-03-29  25481.877     58.959     30.291     16.684      6.575      2.385      0.905    493.655    1.00000    155.187    1.00000     79.449    1.00000     80.152    1.00000     45.504    1.00000     34.680    1.00000           
1231 2000-02-18  58744.596     27.464     23.625     20.528      9.419      2.825      2.574    654.518    1.00000    314.630    1.00000    236.510    1.00000    183.819    1.00000     93.971    1.00000    107.010    1.00000           
1500 2001-01-09   9485.445     39.960     22.623     17.683      7.415      1.777      1.109    556.401    1.00000    156.101    1.00000     97.059    1.00000     82.217    1.00000     35.900    1.00000     24.269    1.00000           
4178 2015-04-27  68818.721     50.345     36.525     27.716     11.664      3.789      1.899    496.485    1.00000    132.012    1.00000     80.082    1.00000     72.158    1.00000     33.584    1.00000     30.051    1.00000           
1205 2000-01-15  53372.210     51.339     23.207     19.078      5.321      2.351      1.082    487.879    1.00000    156.550    1.00000    114.403    1.00000     84.311    1.00000     46.723    1.00000     33.150    1.00000           
2044 2003-05-09  21020.727     59.244     21.213     13.214      4.105      2.758      1.473    470.112    1.00000    144.568    1.00000     88.104    1.00000     76.405    1.00000     38.182    1.00000     26.938    1.00000           
951  1999-03-27  22911.102     11.485     12.300     11.416      7.727      3.634      0.581    513.322    0.66877    183.722    0.69661    134.267    0.46853    109.121    0.96938     58.574    0.00000     44.330    1.00000           
1123 1999-11-01  82817.527     50.259     45.173     40.617     19.262      4.727      1.357    529.734    1.00000    129.135    1.00000     96.652    1.00000     73.715    1.00000     38.814    1.00000     30.939    1.00000           
4707 2018-09-14  66182.692     58.281     46.886     35.877     25.312     15.851      6.876    631.812    0.00000    185.425    0.19619    107.837    0.68324     94.849    0.97087     58.081    0.94839     50.488    0.98577           
4676 2018-07-20  51705.261     50.900     42.987     31.910     19.324      7.989      3.234    518.736    1.00000    172.831    1.00000    103.645    1.00000     97.175    1.00000     59.696    1.00000     50.195    1.00000           
3475 2011-07-08  50386.394     41.073     27.234     16.950      6.878      1.942      1.831    519.956    1.00000    189.329    1.00000     98.440    1.00000    104.187    1.00000     58.146    1.00000     46.603    1.00000           
4678 2008-06-09  82180.237     62.743     24.677     15.333      5.343      1.843      1.767    499.795    1.00000    213.311    1.00000    109.598    1.00000    115.633    1.00000     68.812    1.00000     48.491    1.00000           
1118 1999-10-24  27140.764     42.576     23.961     20.235      5.078      2.707      1.096    484.404    1.00000    160.070    1.00000    117.409    1.00000     89.094    1.00000     50.522    1.00000     36.557    1.00000           
234  1996-02-28  85760.241     37.978     21.392     18.615      2.699      1.680      0.963    543.597    1.00000    197.532    1.00000    164.743    1.00000    114.088    1.00000     67.880    1.00000     44.488    1.00000  f_BG     
4390 2016-08-21  74179.687     43.964     31.373     25.596     14.466      8.608      4.702    566.382    0.36506    178.052    0.44512    108.301    0.66914     86.523    0.99626     54.370    0.95702     45.020    0.89845           
4444 2017-01-27   5744.660     13.202     15.263     11.227      9.572      2.403      1.509    520.109    1.00000    192.502    1.00000     95.454    1.00000    116.470    1.00000     65.128    1.00000     53.380    1.00000           
808  1998-09-23  72647.721     45.670     29.622     25.251     10.343      6.516      3.535    557.837    0.90559    224.170    0.99700    166.797    0.99661    118.677    0.95878     68.042    0.99970     59.204    0.96697           
778  1998-08-27  72641.214     67.350     57.529     53.660     21.961      3.446      2.345   2796.997    0.15101    764.795    0.98702    556.396    0.98349    275.513    0.96621    188.306    0.99743    306.226    0.96624           
2660 2005-12-20  47056.492     46.407     37.088     32.148     19.509     10.713      4.278    523.599    1.00000    139.781    1.00000     91.003    1.00000     82.652    1.00000     40.193    1.00000     35.382    1.00000           
1399 2000-07-27  70955.931     32.562     13.246     11.155      1.790      1.150      1.328    654.569    1.00000    273.005    1.00000    200.636    1.00000    114.114    1.00000     37.940    1.00000     24.153    1.00000           
4750 2019-01-29  44134.335     57.161     42.821     25.791     13.855      7.023      4.398    543.648    1.00000    223.068    1.00000    106.133    1.00000    125.259    1.00000     69.511    1.00000     60.539    1.00000           
1491 2000-12-25  25760.336     51.373     24.897     19.507      8.636      3.313      2.065    556.726    1.00000    171.302    1.00000    103.701    1.00000     80.487    1.00000     35.576    1.00000     24.053    1.00000           
897  1999-01-04  57753.685     57.605     31.290     27.524     13.832      7.278      2.376    558.813    0.11598    197.144    0.91855    148.779    0.99548    101.733    0.92175     58.154    0.99626     45.337    0.97874           
3580 2012-01-29  50148.403     23.276     11.858     10.898      3.221      1.823      1.593   1255.963    0.41088   1319.181    0.51799    825.781    0.00606    802.182    0.85905    816.135    0.98551   1371.215    0.92107           
983  1999-05-16  86065.136     14.489     16.009     14.634      9.725      5.564      2.179    507.426    0.99992    148.791    1.00000    109.809    1.00000     83.575    1.00000     49.341    1.00000     38.481    1.00000           
3171 2009-04-27  84392.051     38.699     27.849     23.717     11.452      4.040      0.992    525.985    1.00000    184.315    1.00000    114.852    1.00000    105.215    1.00000     56.440    1.00000     53.874    1.00000           
3093 2008-12-15  67721.281     38.489     26.081     23.372     13.702      6.683      1.934    524.928    1.00000    178.745    1.00000    111.503    1.00000     95.295    1.00000     59.738    1.00000     51.583    1.00000           
79   1995-04-03  84828.194     43.104     23.532     23.298     11.230      4.947      1.441    547.095    1.00000    147.461    1.00000    118.612    1.00000     87.657    1.00000     53.605    1.00000     38.588    1.00000  f_BG     
4364 2016-06-25  81619.875    143.677    114.136     95.161     42.985     11.866      4.167    524.170    0.78292    162.781    0.98299    100.464    0.87216     82.306    0.99355     49.500    0.98095     41.809    0.97091           
448  1997-02-01  57250.866     34.075     10.085      8.991      2.143      1.365      1.481    535.337    1.00000    209.093    1.00000    153.323    1.00000    113.085    1.00000     66.431    1.00000     52.983    1.00000           
1163 1999-12-16  58038.085     54.494     25.834     23.262     10.221      5.527      2.987    486.755    1.00000    156.691    1.00000    113.871    1.00000     85.632    1.00000     47.428    1.00000     33.891    1.00000           
1450 2000-10-20  72065.668     46.196     42.624     38.183     29.697     19.718      8.527    543.845    1.00000    153.855    1.00000    101.107    1.00000     78.308    1.00000     41.813    1.00000     28.564    1.00000           
2846 2007-02-07  75644.016     47.766     38.032     31.964     23.919     13.053      3.476    518.208    1.00000    199.622    1.00000    115.771    1.00000    104.765    1.00000     68.882    1.00000     51.150    1.00000           
4288 2015-12-29  77056.981     53.495     29.200     20.861     12.506      7.530      3.586    512.350    1.00000    177.351    1.00000     95.867    1.00000     96.962    1.00000     58.547    1.00000     48.441    1.00000           
345  1996-08-09  52229.443     38.276     42.454     39.877     23.943     13.759      5.616    525.968    1.00000    161.004    1.00000    129.889    1.00000     96.238    1.00000     54.965    1.00000     44.922    1.00000  f_BG     
3545 2011-10-22  76790.121     45.255     22.848     14.685      4.244      2.271      1.340    520.625    1.00000    159.344    1.00000    102.218    1.00000     88.561    1.00000     59.443    1.00000     59.511    1.00000           
4460 2017-03-04  20449.144     46.460     31.648     23.945     21.288     12.838      4.554    519.721    1.00000    192.622    1.00000    105.097    1.00000    105.967    1.00000     65.640    1.00000     53.869    1.00000  f_BG     
681  1998-05-16  41037.217     51.066     26.742     29.183     12.492      2.847      2.382    539.917    0.97092    207.690    0.85450    154.370    0.88016    115.430    0.99335     67.969    0.99817     51.123    0.97461           
1749 2002-02-14  67773.429     48.444     41.154     30.322     17.837      8.893      4.329    523.624    1.00000    139.462    1.00000     85.169    1.00000     75.985    1.00000     32.517    1.00000     26.945    1.00000           
4361 2016-06-23  17977.594     54.435     37.803     33.339     15.427      6.295      2.410    515.576    0.87856    156.689    0.99569     95.801    0.99735     81.201    0.99228     48.560    0.97831     41.797    0.99303           
4743 2019-01-14  75422.341     55.951     37.021     29.921     19.945      7.234      3.199    504.252    1.00000    217.824    0.99954    104.472    0.99994    117.544    1.00000     76.274    0.99995     54.321    0.99933           
1913 2002-10-08  25250.599     53.230     37.406     37.575     21.339      8.960      1.564    544.482    1.00000    134.015    1.00000     84.839    1.00000     74.969    1.00000     42.792    1.00000     28.754    1.00000           
3863 2013-10-14  18541.405     43.976     37.843     34.255     18.242      6.653      1.395    515.685    1.00000    180.340    1.00000     97.897    1.00000     99.496    1.00000     55.992    1.00000     44.952    1.00000           
3956 2014-02-19  71162.611     51.240     43.858     31.405     32.175     20.519     10.928    515.122    1.00000    156.164    1.00000     76.365    1.00000     90.302    1.00000     47.444    1.00000     41.772    1.00000           
371  1996-09-24  42119.310     46.760     33.712     38.007     10.258      2.531      1.442    527.156    1.00000    204.514    1.00000    157.354    1.00000    120.473    1.00000     65.918    1.00000     51.824    1.00000           
1968 2002-12-06  82151.427     67.952     40.120     43.882     24.647      9.064      4.011    545.166    0.97119    132.904    0.96354     87.158    0.67815     76.355    0.99669     36.560    0.99556     28.900    0.94090           
3160 2009-04-08  71198.539     48.918     30.812     37.647     13.273      1.930      2.264    541.432    1.00000    174.969    1.00000    115.832    1.00000    105.582    1.00000     56.826    1.00000     53.623    1.00000           
3785 2013-04-27  28029.501     45.253     43.086     48.201     29.967     13.577      4.340    579.297    0.98151    165.112    0.92987     99.414    0.95455     80.884    0.94310     41.455    0.92219     36.426    0.94583           
